158 	 514 	 41.3594 	 -211.718 	 1037.78 	 209 	 208 	 205 	 0
161 	 519 	 43.2405 	 -183.902 	 920.695 	 210 	 206 	 193 	 0
163 	 526 	 52.4922 	 -181.578 	 922.193 	 99 	 150 	 41 	 0
164 	 510 	 31.455 	 -179.974 	 920.695 	 209 	 208 	 205 	 0
165 	 532 	 60.7572 	 -180.126 	 928.23 	 78 	 132 	 10 	 0
166 	 516 	 39.7313 	 -179.246 	 930.514 	 90 	 151 	 0 	 0
168 	 527 	 53.9354 	 -175.448 	 924.447 	 81 	 139 	 2 	 0
169 	 517 	 41.0211 	 -175.132 	 929.751 	 88 	 148 	 2 	 0
171 	 536 	 66.2006 	 -172.629 	 930.514 	 187 	 195 	 183 	 0
172 	 526 	 52.8359 	 -170.885 	 928.23 	 74 	 142 	 32 	 0
173 	 515 	 38.4393 	 -170.122 	 931.278 	 101 	 156 	 51 	 0
174 	 512 	 34.4374 	 -168.659 	 930.514 	 200 	 206 	 200 	 0
175 	 514 	 37.0236 	 -167.061 	 928.99 	 117 	 167 	 74 	 0
176 	 519 	 43.5231 	 -165.334 	 926.713 	 122 	 154 	 111 	 0
177 	 529 	 56.843 	 -164.418 	 928.99 	 116 	 146 	 113 	 0
179 	 512 	 34.2408 	 -161.116 	 925.201 	 205 	 207 	 203 	 0
180 	 518 	 42.1019 	 -159.67 	 924.447 	 180 	 190 	 182 	 0
181 	 522 	 47.3227 	 -158.226 	 923.694 	 204 	 210 	 203 	 0
182 	 520 	 44.6225 	 -156.657 	 922.193 	 248 	 246 	 244 	 0
183 	 517 	 40.7207 	 -155.472 	 922.943 	 194 	 198 	 193 	 0
184 	 512 	 34.1294 	 -154.034 	 922.193 	 206 	 204 	 205 	 0
186 	 529 	 56.843 	 -152.527 	 928.99 	 192 	 196 	 190 	 0
187 	 511 	 32.8712 	 -150.344 	 923.694 	 207 	 207 	 206 	 0
188 	 532 	 60.8568 	 -150.007 	 929.751 	 188 	 193 	 189 	 0
189 	 516 	 39.6013 	 -148.32 	 927.471 	 188 	 192 	 189 	 0
190 	 539 	 70.1134 	 -147.362 	 929.751 	 203 	 203 	 197 	 0
191 	 524 	 49.9095 	 -144.97 	 922.943 	 196 	 201 	 197 	 0
192 	 509 	 30.2437 	 -143.775 	 923.694 	 206 	 203 	 201 	 0
193 	 533 	 62.0774 	 -143.16 	 928.23 	 199 	 202 	 198 	 0
194 	 518 	 42.1019 	 -141.262 	 924.447 	 200 	 203 	 199 	 0
196 	 527 	 54.1118 	 -139.086 	 927.471 	 200 	 203 	 199 	 0
197 	 510 	 31.4806 	 -136.872 	 921.443 	 203 	 204 	 201 	 0
198 	 533 	 61.6235 	 -135.561 	 921.443 	 198 	 199 	 197 	 0
199 	 520 	 44.5862 	 -134.25 	 921.443 	 215 	 220 	 218 	 0
200 	 509 	 30.1455 	 -132.832 	 920.695 	 201 	 205 	 201 	 0
201 	 542 	 82.462 	 -147.843 	 1034.94 	 198 	 199 	 194 	 0
202 	 530 	 57.7857 	 -130.531 	 922.943 	 203 	 204 	 200 	 0
203 	 520 	 44.55 	 -128.903 	 920.695 	 226 	 229 	 226 	 0
204 	 511 	 32.7114 	 -127.387 	 919.203 	 199 	 202 	 196 	 0
206 	 532 	 60.313 	 -125.076 	 921.443 	 198 	 201 	 199 	 0
207 	 523 	 48.4785 	 -123.665 	 920.695 	 255 	 255 	 253 	 0
208 	 518 	 41.931 	 -122.356 	 920.695 	 210 	 211 	 206 	 0
209 	 512 	 34.0464 	 -120.948 	 919.949 	 226 	 227 	 227 	 0
210 	 508 	 28.7195 	 -119.253 	 916.974 	 195 	 199 	 193 	 0
211 	 505 	 24.7668 	 -117.758 	 915.494 	 203 	 204 	 199 	 0
212 	 500 	 18.3899 	 -117.308 	 922.193 	 201 	 201 	 198 	 0
212 	 539 	 69.4305 	 -117.118 	 920.695 	 191 	 195 	 191 	 0
213 	 533 	 61.6736 	 -115.997 	 922.193 	 193 	 196 	 193 	 0
214 	 526 	 52.407 	 -114.499 	 920.695 	 203 	 208 	 204 	 0
215 	 520 	 44.5139 	 -113.098 	 919.949 	 214 	 214 	 209 	 0
216 	 514 	 36.6335 	 -111.699 	 919.203 	 253 	 253 	 251 	 0
217 	 508 	 28.5579 	 -109.504 	 911.814 	 203 	 206 	 200 	 0
218 	 502 	 20.9281 	 -108.996 	 918.459 	 202 	 204 	 201 	 0
218 	 541 	 72.0495 	 -109.261 	 920.695 	 196 	 199 	 200 	 0
219 	 496 	 13.1648 	 -108.303 	 923.694 	 208 	 208 	 207 	 0
219 	 535 	 64.1404 	 -107.864 	 919.949 	 190 	 192 	 187 	 0
220 	 529 	 56.3813 	 -106.729 	 921.443 	 200 	 202 	 200 	 0
221 	 522 	 46.7892 	 -104.484 	 913.282 	 223 	 222 	 223 	 0
222 	 514 	 36.3683 	 -103.102 	 912.548 	 253 	 251 	 252 	 0
223 	 504 	 23.3329 	 -101.559 	 910.351 	 198 	 201 	 197 	 0
223 	 543 	 74.5475 	 -102.547 	 919.203 	 189 	 193 	 191 	 0
224 	 494 	 10.5287 	 -101.651 	 922.943 	 206 	 206 	 202 	 0
224 	 533 	 61.5735 	 -101.404 	 920.695 	 195 	 196 	 194 	 0
225 	 522 	 46.714 	 -99.1289 	 911.814 	 213 	 212 	 212 	 0
226 	 511 	 32.3964 	 -97.675 	 910.351 	 213 	 213 	 210 	 0
226 	 550 	 83.835 	 -98.785 	 920.695 	 196 	 197 	 195 	 0
227 	 501 	 19.59 	 -97.0815 	 916.974 	 199 	 204 	 200 	 0
227 	 540 	 70.5682 	 -97.2387 	 918.459 	 187 	 189 	 183 	 0
228 	 530 	 57.5983 	 -96.088 	 919.949 	 197 	 199 	 197 	 0
229 	 520 	 44.0141 	 -93.7154 	 909.62 	 233 	 233 	 231 	 0
230 	 511 	 32.3704 	 -92.4217 	 909.62 	 215 	 214 	 211 	 0
230 	 550 	 83.835 	 -93.547 	 920.695 	 195 	 198 	 194 	 0
231 	 502 	 20.8101 	 -91.4948 	 913.282 	 197 	 202 	 195 	 0
231 	 541 	 71.9911 	 -92.1626 	 919.949 	 188 	 194 	 187 	 0
232 	 533 	 62.8489 	 -92.8113 	 939.765 	 195 	 200 	 197 	 0
233 	 523 	 48.0109 	 -88.754 	 911.814 	 206 	 206 	 203 	 0
234 	 517 	 40.1007 	 -87.1768 	 908.892 	 213 	 215 	 206 	 0
235 	 511 	 32.3445 	 -85.8841 	 908.892 	 228 	 225 	 226 	 0
236 	 504 	 23.3516 	 -84.7952 	 911.082 	 199 	 200 	 195 	 0
236 	 543 	 75.3412 	 -86.4619 	 928.99 	 195 	 195 	 190 	 0
237 	 494 	 10.5287 	 -84.5864 	 922.943 	 207 	 208 	 205 	 0
237 	 533 	 63.2155 	 -86.6306 	 945.247 	 218 	 219 	 216 	 0
238 	 524 	 49.6269 	 -82.8021 	 917.716 	 200 	 201 	 197 	 0
239 	 515 	 37.5153 	 -80.7132 	 908.892 	 212 	 216 	 215 	 0
240 	 507 	 27.1954 	 -79.4842 	 909.62 	 205 	 207 	 204 	 0
240 	 546 	 79.8281 	 -81.7121 	 935.117 	 196 	 198 	 194 	 0
241 	 497 	 14.4785 	 -79.4002 	 923.694 	 203 	 204 	 201 	 0
241 	 536 	 67.3048 	 -81.3207 	 946.036 	 219 	 219 	 215 	 0
242 	 525 	 51.6001 	 -78.5985 	 929.751 	 200 	 201 	 199 	 0
243 	 515 	 37.5153 	 -75.5424 	 908.892 	 208 	 207 	 203 	 0
244 	 505 	 24.6673 	 -74.4884 	 911.814 	 199 	 200 	 199 	 0
244 	 547 	 81.1581 	 -76.3921 	 935.117 	 194 	 197 	 193 	 0
245 	 497 	 14.5377 	 -74.4483 	 927.471 	 201 	 205 	 200 	 0
245 	 539 	 71.3414 	 -75.9385 	 946.036 	 195 	 197 	 196 	 0
246 	 534 	 65.1024 	 -75.1571 	 953.191 	 205 	 207 	 204 	 0
247 	 528 	 57.1121 	 -73.9879 	 955.6 	 226 	 227 	 221 	 0
248 	 516 	 38.808 	 -69.0788 	 908.892 	 200 	 202 	 196 	 0
249 	 508 	 28.512 	 -67.8949 	 910.351 	 198 	 200 	 197 	 0
249 	 551 	 86.1232 	 -69.4557 	 931.278 	 196 	 197 	 194 	 0
250 	 499 	 17.12 	 -67.6314 	 924.447 	 201 	 206 	 202 	 0
250 	 542 	 74.8785 	 -68.7521 	 939.765 	 189 	 195 	 189 	 0
251 	 532 	 62.496 	 -68.4937 	 954.795 	 200 	 201 	 198 	 0
252 	 519 	 42.7204 	 -63.9592 	 909.62 	 215 	 205 	 198 	 0
253 	 509 	 29.7829 	 -62.6655 	 909.62 	 190 	 198 	 188 	 0
253 	 553 	 88.265 	 -63.7909 	 925.957 	 196 	 201 	 192 	 0
254 	 501 	 19.6376 	 -62.0183 	 919.203 	 176 	 188 	 177 	 0
254 	 549 	 82.9971 	 -62.4739 	 925.957 	 170 	 183 	 167 	 0
255 	 497 	 14.5735 	 -61.4076 	 929.751 	 176 	 184 	 170 	 0
255 	 545 	 77.3503 	 -60.8588 	 921.443 	 172 	 180 	 166 	 0
256 	 532 	 62.6014 	 -61.8077 	 956.405 	 155 	 165 	 144 	 0
257 	 528 	 53.6329 	 -56.7173 	 897.387 	 100 	 138 	 71 	 0
258 	 522 	 46.4526 	 -56.0171 	 906.712 	 115 	 165 	 96 	 0
259 	 512 	 33.6102 	 -54.8151 	 908.164 	 144 	 189 	 122 	 0
259 	 551 	 85.283 	 -55.6618 	 922.193 	 151 	 154 	 151 	 0
260 	 499 	 17.0367 	 -54.2179 	 919.949 	 89 	 135 	 54 	 0
260 	 538 	 66.5017 	 -52.972 	 898.809 	 113 	 125 	 126 	 0
261 	 523 	 47.628 	 -52.0235 	 904.543 	 99 	 148 	 69 	 0
262 	 507 	 27.022 	 -50.6965 	 903.822 	 171 	 188 	 168 	 0
262 	 546 	 77.2181 	 -50.7369 	 904.543 	 132 	 114 	 100 	 0
263 	 530 	 56.0084 	 -48.9044 	 894.556 	 136 	 151 	 106 	 0
264 	 514 	 35.8208 	 -47.8586 	 898.809 	 242 	 234 	 226 	 0
264 	 553 	 87.9062 	 -49.1037 	 922.193 	 175 	 174 	 167 	 0
265 	 499 	 16.9679 	 -47.4832 	 916.233 	 85 	 133 	 59 	 0
265 	 538 	 66.3964 	 -46.5065 	 897.387 	 66 	 110 	 38 	 0
266 	 522 	 46.1208 	 -45.3737 	 900.236 	 98 	 152 	 77 	 0
267 	 506 	 25.5938 	 -44.0235 	 898.809 	 209 	 218 	 200 	 0
267 	 545 	 75.57 	 -44.0933 	 900.236 	 142 	 145 	 144 	 0
268 	 528 	 53.5906 	 -42.6437 	 896.677 	 79 	 126 	 48 	 0
269 	 511 	 31.9098 	 -41.3684 	 896.677 	 245 	 189 	 191 	 0
269 	 550 	 83.0263 	 -42.0667 	 911.814 	 120 	 121 	 113 	 0
270 	 532 	 58.6455 	 -40.0614 	 895.969 	 93 	 120 	 76 	 0
271 	 514 	 35.7358 	 -38.8177 	 896.677 	 232 	 202 	 195 	 0
271 	 553 	 87.5503 	 -39.7606 	 918.459 	 159 	 162 	 145 	 0
272 	 497 	 14.3732 	 -38.3921 	 916.974 	 108 	 138 	 90 	 0
272 	 536 	 63.7933 	 -37.5424 	 896.677 	 75 	 111 	 48 	 0
273 	 519 	 42.0792 	 -36.2384 	 895.969 	 131 	 151 	 98 	 0
274 	 504 	 23.1103 	 -35.1864 	 901.667 	 102 	 143 	 73 	 0
274 	 543 	 72.8358 	 -35.0471 	 898.097 	 125 	 132 	 116 	 0
275 	 529 	 54.9093 	 -33.743 	 897.387 	 141 	 159 	 135 	 0
276 	 514 	 35.7641 	 -32.4667 	 897.387 	 194 	 189 	 174 	 0
276 	 553 	 87.6923 	 -33.2829 	 919.949 	 152 	 156 	 140 	 0
277 	 499 	 16.9132 	 -31.7428 	 913.282 	 117 	 144 	 123 	 0
277 	 538 	 66.3964 	 -31.1903 	 897.387 	 69 	 108 	 37 	 0
278 	 524 	 48.5276 	 -29.914 	 897.387 	 85 	 135 	 55 	 0
279 	 510 	 30.756 	 -28.7285 	 900.236 	 120 	 164 	 92 	 0
279 	 549 	 81.5983 	 -29.0513 	 910.351 	 84 	 108 	 72 	 0
280 	 496 	 13.122 	 -28.072 	 920.695 	 114 	 141 	 97 	 0
280 	 535 	 62.5674 	 -27.3613 	 897.387 	 65 	 113 	 36 	 0
281 	 521 	 44.7339 	 -26.1056 	 898.097 	 102 	 149 	 71 	 0
282 	 510 	 30.7073 	 -24.8479 	 898.809 	 101 	 148 	 69 	 0
282 	 553 	 87.8348 	 -25.4736 	 921.443 	 150 	 155 	 137 	 0
283 	 499 	 16.9542 	 -24.0071 	 915.494 	 88 	 135 	 60 	 0
283 	 538 	 66.449 	 -23.5509 	 898.097 	 68 	 112 	 36 	 0
284 	 526 	 50.9996 	 -22.2207 	 895.969 	 71 	 134 	 39 	 0
285 	 511 	 31.935 	 -20.9795 	 897.387 	 186 	 220 	 183 	 0
285 	 550 	 83.4961 	 -21.4375 	 916.974 	 89 	 108 	 74 	 0
286 	 496 	 13.0796 	 -20.1495 	 917.716 	 164 	 189 	 165 	 0
286 	 535 	 62.4685 	 -19.6721 	 895.969 	 147 	 170 	 133 	 0
287 	 520 	 43.3878 	 -18.4123 	 896.677 	 153 	 181 	 110 	 0
288 	 505 	 24.4121 	 -17.246 	 902.384 	 125 	 154 	 93 	 0
288 	 544 	 75.0039 	 -17.3704 	 908.892 	 63 	 101 	 46 	 0
289 	 529 	 54.693 	 -15.8116 	 893.851 	 167 	 187 	 157 	 0
290 	 514 	 35.7076 	 -14.5747 	 895.969 	 162 	 199 	 116 	 0
290 	 553 	 87.7635 	 -14.977 	 920.695 	 146 	 151 	 130 	 0
291 	 500 	 18.1246 	 -13.4922 	 908.892 	 194 	 205 	 179 	 0
291 	 539 	 67.8876 	 -13.3637 	 900.236 	 123 	 145 	 102 	 0
292 	 525 	 49.6468 	 -12.0071 	 894.556 	 59 	 137 	 18 	 0
293 	 511 	 31.9098 	 -10.7602 	 896.677 	 191 	 204 	 175 	 0
293 	 550 	 83.6314 	 -11.0216 	 918.459 	 90 	 109 	 75 	 0
294 	 333 	 -227.888 	 -11.0789 	 1047.37 	 205 	 205 	 201 	 4
294 	 372 	 -169.01 	 -11.0279 	 1042.55 	 206 	 207 	 205 	 4
294 	 497 	 14.3269 	 -9.66833 	 914.018 	 143 	 164 	 124 	 0
294 	 536 	 63.6926 	 -9.46993 	 895.262 	 149 	 165 	 147 	 0
295 	 385 	 -149.734 	 -9.54512 	 1042.55 	 207 	 206 	 204 	 4
295 	 509 	 29.4056 	 -8.22256 	 898.097 	 178 	 198 	 170 	 0
295 	 548 	 80.4326 	 -8.34815 	 911.814 	 79 	 103 	 64 	 0
296 	 385 	 -149.734 	 -8.06231 	 1042.55 	 206 	 203 	 202 	 4
296 	 509 	 29.4056 	 -6.9452 	 898.097 	 111 	 148 	 98 	 0
296 	 548 	 80.4326 	 -7.05128 	 911.814 	 77 	 103 	 64 	 0
297 	 517 	 39.4682 	 -5.64549 	 894.556 	 113 	 144 	 90 	 0
298 	 325 	 -179.605 	 -3.83484 	 784.438 	 209 	 215 	 220 	 4
298 	 522 	 45.7937 	 -4.36973 	 893.851 	 103 	 149 	 70 	 0
299 	 330 	 -172.358 	 -2.69307 	 776.916 	 210 	 217 	 224 	 4
299 	 371 	 -127.052 	 -2.69307 	 776.916 	 166 	 179 	 189 	 4
299 	 503 	 21.9676 	 -3.1455 	 907.437 	 83 	 133 	 49 	 0
299 	 542 	 72.3026 	 -3.1455 	 907.437 	 66 	 104 	 46 	 0
300 	 350 	 -149.033 	 -1.57512 	 770.582 	 186 	 206 	 215 	 4
300 	 520 	 43.3194 	 -1.82997 	 895.262 	 92 	 147 	 66 	 0
301 	 328 	 -175.288 	 -0.485057 	 780.122 	 220 	 224 	 227 	 4
301 	 367 	 -130.934 	 -0.481086 	 773.736 	 175 	 193 	 197 	 4
301 	 496 	 13.122 	 -0.572462 	 920.695 	 108 	 138 	 92 	 0
301 	 535 	 62.6169 	 -0.558411 	 898.097 	 73 	 115 	 51 	 0
302 	 340 	 -159.993 	 0.616869 	 770.582 	 225 	 230 	 231 	 4
302 	 379 	 -118.619 	 0.624076 	 779.585 	 170 	 178 	 182 	 4
302 	 508 	 28.2176 	 0.721232 	 900.951 	 99 	 132 	 204 	 0
302 	 547 	 79.1357 	 0.729928 	 911.814 	 71 	 103 	 57 	 0
303 	 324 	 -181.096 	 1.74729 	 786.068 	 220 	 219 	 221 	 4
303 	 363 	 -135.06 	 1.71636 	 772.156 	 189 	 201 	 204 	 4
303 	 530 	 56.1856 	 1.99473 	 897.387 	 74 	 118 	 48 	 0
303 	 723 	 341.416 	 2.25119 	 1012.76 	 187 	 187 	 181 	 3
304 	 326 	 -178.613 	 2.86134 	 784.98 	 224 	 224 	 226 	 4
304 	 365 	 -133.135 	 2.82035 	 773.736 	 193 	 200 	 201 	 4
304 	 532 	 58.7383 	 3.27107 	 897.387 	 76 	 117 	 50 	 0
305 	 330 	 -172.831 	 3.94776 	 779.05 	 230 	 229 	 230 	 4
305 	 369 	 -129.44 	 3.94235 	 777.981 	 187 	 193 	 194 	 4
305 	 500 	 18.271 	 4.64293 	 916.233 	 96 	 104 	 189 	 0
305 	 539 	 67.9415 	 4.56548 	 900.951 	 65 	 105 	 42 	 0
306 	 344 	 -155.609 	 5.00085 	 770.582 	 223 	 224 	 226 	 4
306 	 388 	 -112.426 	 5.23559 	 806.754 	 156 	 163 	 170 	 4
306 	 514 	 35.7924 	 5.82838 	 898.097 	 117 	 124 	 168 	 0
306 	 553 	 87.9062 	 5.98475 	 922.193 	 145 	 151 	 135 	 0
306 	 723 	 341.416 	 6.57254 	 1012.76 	 186 	 184 	 181 	 3
307 	 323 	 -182.594 	 6.23233 	 787.706 	 221 	 219 	 220 	 4
307 	 362 	 -136.344 	 6.11762 	 773.208 	 199 	 204 	 203 	 4
307 	 495 	 11.8221 	 7.29045 	 921.443 	 143 	 160 	 135 	 0
307 	 534 	 61.3396 	 7.10574 	 898.097 	 73 	 117 	 47 	 0
308 	 348 	 -151.122 	 7.18795 	 770.059 	 221 	 218 	 220 	 4
308 	 524 	 48.5276 	 8.37647 	 897.387 	 83 	 133 	 62 	 0
309 	 347 	 -152.217 	 8.2832 	 770.059 	 218 	 217 	 218 	 4
309 	 523 	 47.2512 	 9.65281 	 897.387 	 86 	 144 	 67 	 0
310 	 316 	 -190.569 	 9.60004 	 788.253 	 203 	 200 	 198 	 4
310 	 355 	 -143.748 	 9.39759 	 771.63 	 210 	 213 	 214 	 4
310 	 531 	 57.462 	 10.9292 	 897.387 	 72 	 120 	 51 	 0
310 	 720 	 160.795 	 5.8835 	 483.091 	 77 	 124 	 234 	 3
311 	 316 	 -190.569 	 10.7212 	 788.253 	 202 	 201 	 197 	 4
311 	 355 	 -143.748 	 10.4951 	 771.63 	 210 	 214 	 214 	 4
311 	 496 	 13.1541 	 12.5531 	 922.943 	 116 	 141 	 102 	 0
311 	 535 	 62.6169 	 12.2152 	 898.097 	 72 	 114 	 49 	 0
311 	 717 	 158.598 	 6.56501 	 482.679 	 75 	 116 	 233 	 3
312 	 348 	 -151.122 	 11.569 	 770.059 	 219 	 218 	 219 	 4
312 	 529 	 54.9093 	 13.4819 	 897.387 	 101 	 127 	 93 	 0
312 	 708 	 146.678 	 6.97832 	 464.495 	 61 	 112 	 251 	 3
313 	 220 	 -203.464 	 8.84513 	 537.836 	 203 	 205 	 205 	 2
313 	 329 	 -175.021 	 12.8918 	 783.895 	 226 	 225 	 224 	 4
313 	 368 	 -130.1 	 12.7508 	 775.322 	 190 	 193 	 197 	 4
313 	 507 	 26.9148 	 14.8051 	 900.236 	 89 	 133 	 62 	 0
313 	 546 	 77.1566 	 14.864 	 903.822 	 74 	 109 	 99 	 0
313 	 721 	 155.969 	 7.67354 	 466.597 	 69 	 117 	 235 	 3
314 	 224 	 -200.404 	 9.61009 	 537.836 	 224 	 239 	 236 	 2
314 	 341 	 -159.547 	 13.8252 	 773.736 	 226 	 223 	 223 	 4
314 	 516 	 38.3168 	 16.0346 	 897.387 	 98 	 147 	 64 	 0
314 	 673 	 126.934 	 8.52658 	 477.197 	 76 	 117 	 246 	 3
314 	 724 	 157.895 	 8.33375 	 466.405 	 66 	 117 	 237 	 3
315 	 222 	 -201.743 	 10.3652 	 537.327 	 223 	 235 	 234 	 2
315 	 334 	 -168.053 	 14.9972 	 777.448 	 226 	 225 	 226 	 4
315 	 383 	 -101.551 	 13.3747 	 693.335 	 119 	 158 	 184 	 4
315 	 509 	 29.4289 	 17.3383 	 898.809 	 133 	 159 	 114 	 0
315 	 548 	 79.8548 	 17.4629 	 905.265 	 76 	 103 	 60 	 0
315 	 712 	 148.954 	 8.93831 	 463.357 	 60 	 109 	 242 	 3
316 	 291 	 -146.991 	 10.9786 	 530.045 	 168 	 184 	 193 	 2
316 	 345 	 -155.145 	 16.0261 	 773.736 	 219 	 220 	 221 	 4
316 	 520 	 43.4222 	 18.5872 	 897.387 	 127 	 157 	 142 	 0
316 	 678 	 129.89 	 9.85085 	 475.596 	 73 	 130 	 255 	 3
316 	 723 	 156.587 	 9.62092 	 464.495 	 68 	 114 	 230 	 3
317 	 219 	 -203.842 	 11.8824 	 536.818 	 193 	 192 	 194 	 2
317 	 288 	 -149.044 	 11.7161 	 529.303 	 167 	 183 	 190 	 2
317 	 340 	 -161.308 	 17.197 	 776.916 	 225 	 223 	 225 	 4
317 	 390 	 -94.5323 	 15.3282 	 692.489 	 107 	 184 	 212 	 1
317 	 518 	 40.8695 	 19.8636 	 897.387 	 117 	 148 	 104 	 0
317 	 679 	 130.348 	 10.5097 	 474.8 	 74 	 130 	 255 	 3
317 	 722 	 155.672 	 10.2648 	 463.735 	 60 	 104 	 228 	 3
318 	 219 	 -203.746 	 12.64 	 536.564 	 193 	 193 	 189 	 2
318 	 275 	 -157.362 	 12.3536 	 524.409 	 165 	 182 	 193 	 2
318 	 327 	 -177.742 	 18.5176 	 786.068 	 224 	 223 	 223 	 4
318 	 366 	 -132.487 	 18.2895 	 776.384 	 191 	 197 	 198 	 4
318 	 506 	 25.6752 	 21.2408 	 901.667 	 97 	 144 	 66 	 0
318 	 545 	 75.7504 	 21.2577 	 902.384 	 80 	 116 	 50 	 0
318 	 665 	 124.866 	 11.5525 	 490.401 	 89 	 125 	 251 	 3
318 	 712 	 148.228 	 10.8622 	 461.096 	 58 	 109 	 241 	 3
319 	 259 	 -168.207 	 13.0152 	 521.037 	 164 	 184 	 195 	 2
319 	 312 	 -195.189 	 19.7039 	 788.802 	 203 	 202 	 200 	 4
319 	 351 	 -149.357 	 19.4336 	 777.981 	 214 	 215 	 216 	 4
319 	 532 	 58.6919 	 22.3986 	 896.677 	 125 	 165 	 133 	 0
319 	 703 	 142.21 	 11.5086 	 460.722 	 58 	 126 	 255 	 3
319 	 745 	 177.368 	 12.0264 	 481.45 	 81 	 105 	 207 	 3
320 	 247 	 -175.888 	 13.6622 	 517.471 	 162 	 181 	 193 	 2
320 	 288 	 -149.113 	 13.9811 	 529.55 	 121 	 132 	 156 	 2
320 	 340 	 -161.751 	 20.5683 	 779.05 	 225 	 224 	 224 	 4
320 	 523 	 47.3261 	 23.7302 	 898.809 	 159 	 173 	 163 	 0
320 	 659 	 121.152 	 12.998 	 492.316 	 160 	 170 	 202 	 3
320 	 707 	 143.954 	 12.0902 	 457.932 	 62 	 124 	 255 	 3
320 	 748 	 179.194 	 12.695 	 480.838 	 137 	 146 	 201 	 3
321 	 248 	 -175.232 	 14.4047 	 517.707 	 173 	 195 	 201 	 2
321 	 287 	 -149.727 	 14.7205 	 529.056 	 128 	 156 	 162 	 2
321 	 339 	 -162.859 	 21.6764 	 779.05 	 224 	 224 	 224 	 4
321 	 525 	 49.962 	 25.0483 	 900.236 	 169 	 178 	 168 	 0
321 	 663 	 123.846 	 13.6864 	 491.889 	 82 	 125 	 250 	 3
321 	 713 	 148.401 	 12.788 	 459.602 	 60 	 112 	 245 	 3
322 	 254 	 -171.755 	 15.2245 	 520.558 	 177 	 199 	 205 	 2
322 	 293 	 -145.551 	 15.5092 	 530.293 	 160 	 182 	 189 	 2
322 	 345 	 -156.318 	 22.8001 	 779.585 	 220 	 220 	 221 	 4
322 	 532 	 58.7848 	 26.2661 	 898.097 	 173 	 182 	 172 	 0
322 	 685 	 131.807 	 13.6183 	 465.639 	 63 	 120 	 254 	 3
322 	 724 	 155.654 	 13.4471 	 459.788 	 51 	 108 	 233 	 3
323 	 225 	 -197.857 	 16.3475 	 533.034 	 198 	 212 	 218 	 2
323 	 267 	 -162.502 	 16.0016 	 521.756 	 175 	 196 	 205 	 2
323 	 318 	 -188.983 	 24.259 	 791.002 	 201 	 199 	 197 	 4
323 	 357 	 -142.914 	 23.8925 	 779.05 	 206 	 208 	 208 	 4
323 	 503 	 22.1447 	 28.0544 	 914.755 	 168 	 176 	 168 	 0
323 	 542 	 72.1871 	 27.7855 	 905.988 	 174 	 182 	 176 	 0
323 	 696 	 137.344 	 14.1011 	 459.788 	 56 	 103 	 240 	 3
323 	 735 	 162.98 	 14.1125 	 460.161 	 55 	 111 	 238 	 3
324 	 239 	 -182.609 	 16.6823 	 519.843 	 198 	 215 	 221 	 2
324 	 278 	 -155.34 	 16.8522 	 525.137 	 172 	 190 	 197 	 2
324 	 329 	 -175.142 	 25.1734 	 784.438 	 227 	 222 	 224 	 4
324 	 381 	 -103.397 	 22.2227 	 692.489 	 168 	 173 	 176 	 4
324 	 514 	 36.3976 	 29.3081 	 913.282 	 171 	 175 	 179 	 0
324 	 553 	 87.6213 	 29.4981 	 919.203 	 168 	 176 	 170 	 0
324 	 703 	 141.177 	 14.6777 	 457.378 	 71 	 129 	 254 	 3
324 	 745 	 176.768 	 15.3979 	 479.821 	 60 	 100 	 207 	 3
325 	 245 	 -178.01 	 17.4057 	 519.367 	 193 	 210 	 219 	 2
325 	 284 	 -151.701 	 17.6974 	 528.071 	 171 	 187 	 195 	 2
325 	 335 	 -167.983 	 26.2166 	 782.274 	 225 	 223 	 225 	 4
325 	 386 	 -98.0529 	 23.1088 	 689.542 	 103 	 192 	 211 	 1
325 	 521 	 45.3442 	 30.5088 	 910.351 	 172 	 174 	 167 	 0
325 	 654 	 118.474 	 16.6145 	 495.759 	 164 	 175 	 194 	 3
325 	 702 	 140.527 	 15.3282 	 457.378 	 73 	 131 	 254 	 3
325 	 744 	 176.16 	 16.0872 	 480.024 	 57 	 98 	 208 	 3
326 	 244 	 -178.912 	 18.161 	 519.843 	 196 	 212 	 221 	 2
326 	 283 	 -152.169 	 18.4142 	 527.09 	 173 	 191 	 197 	 2
326 	 335 	 -167.983 	 27.3292 	 782.274 	 227 	 224 	 226 	 4
326 	 386 	 -98.1126 	 24.1042 	 689.962 	 106 	 194 	 213 	 1
326 	 522 	 46.639 	 31.8036 	 910.351 	 177 	 188 	 169 	 0
326 	 654 	 118.526 	 17.3272 	 495.976 	 128 	 151 	 204 	 3
326 	 700 	 139.226 	 15.9788 	 457.378 	 78 	 132 	 254 	 3
326 	 739 	 164.996 	 16.0175 	 458.487 	 68 	 118 	 252 	 3
327 	 244 	 -178.994 	 18.909 	 520.081 	 198 	 216 	 224 	 2
327 	 283 	 -152.169 	 19.1639 	 527.09 	 173 	 191 	 198 	 2
327 	 336 	 -166.871 	 28.4418 	 782.274 	 226 	 224 	 226 	 4
327 	 385 	 -99.2751 	 25.1314 	 691.223 	 122 	 176 	 197 	 4
327 	 525 	 50.4424 	 33.0454 	 908.892 	 203 	 203 	 191 	 0
327 	 656 	 120.147 	 18.0642 	 496.845 	 84 	 126 	 254 	 3
327 	 700 	 139.114 	 16.6159 	 457.009 	 80 	 135 	 255 	 3
327 	 746 	 177.15 	 17.4158 	 479.01 	 56 	 99 	 206 	 3
328 	 247 	 -176.694 	 19.6397 	 519.843 	 195 	 213 	 222 	 2
328 	 286 	 -150.549 	 19.9972 	 529.303 	 170 	 189 	 195 	 2
328 	 339 	 -163.533 	 29.5544 	 782.274 	 224 	 223 	 224 	 4
328 	 388 	 -96.0331 	 26.0352 	 689.123 	 102 	 199 	 218 	 1
328 	 528 	 54.2771 	 34.3106 	 908.164 	 173 	 176 	 174 	 0
328 	 660 	 123.514 	 18.8535 	 499.031 	 72 	 125 	 254 	 3
328 	 703 	 140.724 	 17.2242 	 455.907 	 82 	 135 	 254 	 3
328 	 750 	 179.572 	 18.0666 	 478.203 	 61 	 99 	 197 	 3
329 	 251 	 -173.896 	 20.3978 	 520.32 	 199 	 215 	 222 	 2
329 	 290 	 -148.369 	 20.8668 	 532.284 	 162 	 175 	 186 	 2
329 	 340 	 -162.308 	 30.6459 	 781.734 	 225 	 223 	 224 	 4
329 	 388 	 -96.0331 	 27.0153 	 689.123 	 105 	 202 	 219 	 1
329 	 527 	 53.0278 	 35.6308 	 908.892 	 172 	 174 	 168 	 0
329 	 659 	 122.859 	 19.5718 	 499.25 	 73 	 125 	 252 	 3
329 	 702 	 139.794 	 17.8368 	 454.993 	 86 	 137 	 255 	 3
329 	 752 	 180.704 	 18.723 	 477.599 	 66 	 100 	 194 	 3
330 	 253 	 -172.574 	 21.1573 	 520.797 	 196 	 215 	 222 	 2
330 	 292 	 -147.269 	 21.685 	 533.787 	 155 	 168 	 182 	 2
330 	 340 	 -162.308 	 31.7578 	 781.734 	 224 	 223 	 224 	 4
330 	 388 	 -96.0331 	 27.9955 	 689.123 	 111 	 199 	 217 	 1
330 	 527 	 53.0278 	 36.9235 	 908.892 	 166 	 171 	 167 	 0
330 	 658 	 122.202 	 20.2909 	 499.47 	 73 	 125 	 251 	 3
330 	 704 	 140.919 	 18.4618 	 454.446 	 91 	 141 	 255 	 3
330 	 755 	 182.358 	 19.3616 	 476.595 	 68 	 96 	 190 	 3
331 	 257 	 -169.689 	 21.9081 	 521.037 	 196 	 211 	 218 	 2
331 	 296 	 -145.396 	 22.6252 	 538.091 	 165 	 182 	 191 	 2
331 	 344 	 -157.643 	 32.8244 	 780.658 	 221 	 219 	 221 	 4
331 	 393 	 -90.5274 	 28.7832 	 684.548 	 120 	 221 	 240 	 1
331 	 531 	 58.1987 	 38.2162 	 908.892 	 165 	 172 	 167 	 0
331 	 661 	 124.334 	 21.0012 	 499.47 	 62 	 117 	 254 	 3
331 	 706 	 141.927 	 19.0699 	 453.537 	 88 	 142 	 255 	 3
331 	 758 	 184.159 	 20.0142 	 475.995 	 136 	 135 	 188 	 3
332 	 259 	 -168.284 	 22.6595 	 521.276 	 194 	 211 	 218 	 2
332 	 298 	 -144.689 	 23.5244 	 541.172 	 164 	 184 	 192 	 2
332 	 345 	 -156.425 	 33.9114 	 780.122 	 220 	 218 	 221 	 4
332 	 394 	 -89.392 	 29.7031 	 683.311 	 115 	 221 	 241 	 1
332 	 531 	 58.1987 	 39.5089 	 908.892 	 166 	 173 	 170 	 0
332 	 660 	 123.623 	 21.7116 	 499.47 	 61 	 118 	 254 	 3
332 	 706 	 141.871 	 19.7071 	 453.356 	 94 	 144 	 255 	 3
332 	 759 	 184.759 	 20.6825 	 475.796 	 146 	 142 	 186 	 3
333 	 260 	 -167.543 	 23.4009 	 521.276 	 195 	 210 	 217 	 2
333 	 299 	 -144.125 	 24.3289 	 541.948 	 164 	 184 	 188 	 2
333 	 346 	 -155.209 	 34.9969 	 779.585 	 218 	 219 	 222 	 4
333 	 395 	 -88.3137 	 30.6381 	 682.489 	 114 	 220 	 241 	 1
333 	 532 	 59.4914 	 40.8016 	 908.892 	 168 	 176 	 172 	 0
333 	 661 	 124.279 	 22.4122 	 499.25 	 63 	 117 	 255 	 3
333 	 708 	 142.875 	 20.3113 	 452.452 	 74 	 132 	 255 	 3
334 	 225 	 -197.485 	 24.6406 	 532.034 	 72 	 113 	 131 	 2
334 	 264 	 -164.653 	 24.1534 	 521.516 	 191 	 209 	 215 	 2
334 	 311 	 -196.038 	 36.4818 	 787.706 	 198 	 199 	 193 	 4
334 	 350 	 -150.464 	 36.0314 	 777.981 	 215 	 215 	 217 	 4
334 	 498 	 15.7283 	 42.6064 	 919.949 	 170 	 172 	 166 	 0
334 	 537 	 66.0078 	 42.1281 	 909.62 	 165 	 167 	 165 	 0
334 	 665 	 127.063 	 23.1121 	 499.031 	 67 	 126 	 255 	 3
334 	 711 	 144.575 	 20.9214 	 451.731 	 78 	 119 	 254 	 3
335 	 230 	 -192.618 	 25.2552 	 529.056 	 81 	 91 	 124 	 2
335 	 269 	 -161.092 	 24.9181 	 521.996 	 181 	 203 	 204 	 2
335 	 316 	 -190.834 	 37.6806 	 789.351 	 200 	 201 	 194 	 4
335 	 355 	 -144.733 	 37.087 	 776.916 	 209 	 209 	 210 	 4
335 	 504 	 23.3892 	 43.5616 	 912.548 	 166 	 172 	 166 	 0
335 	 543 	 73.7703 	 43.4219 	 909.62 	 168 	 174 	 170 	 0
335 	 674 	 123.307 	 22.011 	 461.096 	 68 	 122 	 255 	 3
335 	 726 	 154.89 	 21.6588 	 453.719 	 50 	 104 	 234 	 3
336 	 234 	 -188.465 	 25.8509 	 525.868 	 209 	 223 	 228 	 2
336 	 273 	 -158.634 	 25.7435 	 523.683 	 63 	 87 	 113 	 2
336 	 320 	 -187.124 	 38.966 	 792.66 	 207 	 206 	 206 	 4
336 	 359 	 -140.216 	 38.1659 	 776.384 	 200 	 203 	 203 	 4
336 	 508 	 28.5579 	 44.8234 	 911.814 	 167 	 174 	 166 	 0
336 	 547 	 79.0087 	 44.7515 	 910.351 	 173 	 180 	 174 	 0
336 	 677 	 125.122 	 22.6392 	 460.535 	 77 	 129 	 255 	 3
336 	 729 	 156.451 	 22.2507 	 452.632 	 41 	 102 	 229 	 3
337 	 237 	 -185.276 	 26.4639 	 523.2 	 207 	 222 	 228 	 2
337 	 276 	 -156.688 	 26.5373 	 524.652 	 64 	 86 	 109 	 2
337 	 323 	 -183.358 	 40.0095 	 791.002 	 218 	 214 	 216 	 4
337 	 362 	 -136.904 	 39.2701 	 776.384 	 197 	 201 	 200 	 4
337 	 513 	 34.9579 	 46.0093 	 909.62 	 166 	 173 	 167 	 0
337 	 552 	 86.1046 	 46.3813 	 916.974 	 183 	 185 	 183 	 0
337 	 682 	 128.344 	 23.2848 	 460.348 	 79 	 128 	 254 	 3
337 	 735 	 159.931 	 22.8398 	 451.551 	 38 	 89 	 212 	 3
338 	 242 	 -181.055 	 27.1329 	 521.756 	 203 	 217 	 224 	 2
338 	 281 	 -153.454 	 27.3721 	 526.356 	 64 	 82 	 110 	 2
338 	 327 	 -178.36 	 41.0201 	 788.802 	 223 	 222 	 222 	 4
338 	 366 	 -132.85 	 40.4852 	 778.515 	 189 	 195 	 197 	 4
338 	 518 	 41.3934 	 47.2652 	 908.892 	 167 	 174 	 171 	 0
338 	 647 	 114.945 	 26.1004 	 501.901 	 87 	 124 	 229 	 3
338 	 691 	 131.987 	 23.5383 	 452.632 	 82 	 126 	 255 	 3
338 	 742 	 164.754 	 23.5289 	 452.452 	 40 	 98 	 215 	 3
339 	 250 	 -174.716 	 27.811 	 520.558 	 200 	 215 	 222 	 2
339 	 289 	 -149.406 	 28.491 	 533.285 	 59 	 83 	 108 	 2
339 	 335 	 -167.867 	 41.7645 	 781.734 	 223 	 223 	 224 	 4
339 	 388 	 -95.7423 	 36.7052 	 687.036 	 161 	 168 	 169 	 4
339 	 525 	 50.4829 	 48.5968 	 909.62 	 168 	 175 	 173 	 0
339 	 655 	 120.071 	 26.6844 	 499.47 	 67 	 120 	 253 	 3
339 	 698 	 135.951 	 24.086 	 450.833 	 84 	 131 	 250 	 3
339 	 750 	 170.174 	 24.2111 	 453.175 	 43 	 87 	 204 	 3
340 	 258 	 -168.948 	 28.5777 	 521.037 	 194 	 214 	 218 	 2
340 	 297 	 -145.597 	 29.7104 	 541.689 	 86 	 94 	 128 	 2
340 	 343 	 -158.535 	 42.7585 	 779.585 	 221 	 221 	 219 	 4
340 	 396 	 -87.238 	 37.388 	 681.669 	 111 	 214 	 240 	 1
340 	 533 	 60.7354 	 49.8107 	 908.164 	 164 	 170 	 166 	 0
340 	 670 	 120.195 	 25.1877 	 459.229 	 59 	 118 	 254 	 3
340 	 731 	 157.112 	 24.7272 	 450.833 	 48 	 99 	 226 	 3
341 	 240 	 -182.707 	 29.3862 	 522.236 	 206 	 222 	 227 	 2
341 	 279 	 -154.952 	 29.618 	 526.356 	 60 	 87 	 109 	 2
341 	 325 	 -180.604 	 44.3859 	 788.802 	 219 	 217 	 218 	 4
341 	 364 	 -134.972 	 43.777 	 777.981 	 191 	 198 	 199 	 4
341 	 430 	 -82.8548 	 58.5568 	 1040.64 	 200 	 199 	 197 	 1
341 	 511 	 32.4224 	 51.2666 	 911.082 	 170 	 176 	 169 	 0
341 	 550 	 83.0263 	 51.3078 	 911.814 	 182 	 183 	 179 	 0
341 	 686 	 129.181 	 25.5512 	 454.082 	 81 	 129 	 255 	 3
341 	 759 	 184.759 	 26.773 	 475.796 	 56 	 91 	 179 	 3
342 	 224 	 -197.593 	 30.5938 	 530.293 	 184 	 189 	 181 	 2
342 	 263 	 -165.243 	 30.0598 	 521.037 	 189 	 209 	 215 	 2
342 	 302 	 -142.699 	 31.4616 	 545.335 	 83 	 97 	 129 	 2
342 	 349 	 -151.57 	 44.8835 	 777.981 	 215 	 216 	 217 	 4
342 	 402 	 -80.7415 	 38.9989 	 675.981 	 116 	 228 	 254 	 1
342 	 536 	 64.5588 	 52.3521 	 907.437 	 166 	 172 	 166 	 0
342 	 663 	 125.039 	 28.6516 	 496.627 	 62 	 121 	 254 	 3
342 	 742 	 164.165 	 26.0096 	 450.833 	 36 	 96 	 212 	 3
343 	 249 	 -175.537 	 30.7867 	 520.797 	 199 	 216 	 223 	 2
343 	 288 	 -150.024 	 31.4953 	 532.784 	 169 	 191 	 191 	 2
343 	 335 	 -167.867 	 46.2119 	 781.734 	 224 	 223 	 223 	 4
343 	 387 	 -96.8955 	 40.6878 	 688.287 	 162 	 171 	 171 	 4
343 	 521 	 45.2716 	 53.7288 	 908.892 	 168 	 174 	 170 	 0
343 	 688 	 129.745 	 26.6933 	 451.551 	 69 	 115 	 252 	 3
344 	 235 	 -187.543 	 31.8049 	 525.381 	 217 	 215 	 229 	 2
344 	 274 	 -158.181 	 31.7608 	 524.652 	 66 	 88 	 113 	 2
344 	 321 	 -185.997 	 47.9852 	 792.66 	 212 	 209 	 212 	 4
344 	 360 	 -138.638 	 46.8396 	 773.736 	 201 	 203 	 205 	 4
344 	 413 	 -70.2913 	 40.9951 	 677.192 	 128 	 240 	 255 	 1
344 	 508 	 28.6731 	 55.4211 	 915.494 	 170 	 173 	 169 	 0
344 	 547 	 78.9453 	 55.0656 	 909.62 	 174 	 178 	 175 	 0
344 	 671 	 120.458 	 27.7106 	 457.747 	 69 	 122 	 254 	 3
344 	 761 	 186.034 	 28.7911 	 475.596 	 57 	 91 	 178 	 3
345 	 225 	 -198.229 	 33.0886 	 534.038 	 124 	 161 	 139 	 2
345 	 264 	 -164.577 	 32.2978 	 521.276 	 185 	 204 	 210 	 2
345 	 350 	 -150.155 	 48.1041 	 776.384 	 213 	 215 	 216 	 4
345 	 402 	 -80.6934 	 41.8583 	 675.579 	 126 	 238 	 255 	 1
345 	 530 	 56.906 	 56.3142 	 908.892 	 171 	 177 	 171 	 0
345 	 656 	 120.569 	 30.8923 	 498.592 	 59 	 114 	 252 	 3
345 	 745 	 166.089 	 27.9333 	 450.833 	 37 	 95 	 208 	 3
346 	 257 	 -169.689 	 33.0241 	 521.037 	 192 	 210 	 219 	 2
346 	 296 	 -146.159 	 34.2839 	 540.914 	 164 	 186 	 190 	 2
346 	 344 	 -157.211 	 49.3434 	 778.515 	 217 	 217 	 218 	 4
346 	 405 	 -77.7645 	 42.7937 	 675.177 	 134 	 240 	 255 	 1
346 	 535 	 62.6665 	 56.9678 	 898.809 	 175 	 179 	 175 	 0
346 	 657 	 121.278 	 31.6015 	 498.592 	 62 	 114 	 253 	 3
346 	 752 	 170.645 	 28.5858 	 451.013 	 35 	 81 	 208 	 3
347 	 226 	 -197.936 	 34.6893 	 535.298 	 44 	 78 	 92 	 2
347 	 265 	 -163.911 	 33.7962 	 521.516 	 149 	 168 	 179 	 2
347 	 352 	 -147.744 	 50.2438 	 775.322 	 208 	 213 	 212 	 4
347 	 416 	 -67.2412 	 43.78 	 675.579 	 133 	 241 	 255 	 1
347 	 511 	 32.6585 	 59.4714 	 917.716 	 176 	 180 	 176 	 0
347 	 680 	 125.608 	 29.4971 	 455.175 	 82 	 134 	 255 	 3
348 	 247 	 -177.263 	 34.5379 	 521.516 	 200 	 216 	 224 	 2
348 	 286 	 -151.397 	 35.2511 	 532.284 	 172 	 193 	 198 	 2
348 	 334 	 -169.212 	 51.8427 	 782.813 	 224 	 222 	 224 	 4
348 	 398 	 -84.3861 	 44.6611 	 674.374 	 119 	 211 	 240 	 1
348 	 438 	 -45.7749 	 44.4234 	 670.785 	 143 	 224 	 242 	 1
348 	 504 	 23.5598 	 60.8752 	 919.203 	 172 	 177 	 173 	 0
348 	 675 	 122.567 	 30.1929 	 455.907 	 63 	 119 	 253 	 3
349 	 245 	 -178.911 	 35.3122 	 521.996 	 202 	 217 	 223 	 2
349 	 284 	 -152.126 	 35.8232 	 529.55 	 173 	 193 	 201 	 2
349 	 332 	 -171.795 	 53.0659 	 784.438 	 223 	 222 	 223 	 4
349 	 388 	 -98.5477 	 47.8387 	 707.168 	 163 	 168 	 171 	 4
349 	 434 	 -49.6498 	 45.4312 	 671.579 	 128 	 238 	 255 	 1
349 	 518 	 41.6941 	 61.9316 	 915.494 	 174 	 179 	 175 	 0
349 	 649 	 115.758 	 33.7735 	 499.25 	 64 	 117 	 250 	 3
349 	 752 	 170.442 	 30.4739 	 450.475 	 40 	 93 	 224 	 3
350 	 224 	 -199.741 	 37.0258 	 536.057 	 187 	 189 	 182 	 2
350 	 263 	 -165.395 	 36.0214 	 521.516 	 185 	 206 	 208 	 2
350 	 351 	 -148.847 	 53.552 	 775.322 	 212 	 212 	 214 	 4
350 	 411 	 -71.5343 	 46.3315 	 670.785 	 133 	 237 	 255 	 1
350 	 678 	 124.064 	 31.3763 	 454.264 	 78 	 131 	 255 	 3
351 	 259 	 -168.284 	 36.7463 	 521.276 	 186 	 209 	 217 	 2
351 	 298 	 -144.965 	 38.2218 	 542.207 	 56 	 97 	 102 	 2
351 	 347 	 -153.573 	 54.7671 	 776.916 	 214 	 216 	 218 	 4
351 	 404 	 -78.5378 	 47.4821 	 673.573 	 132 	 240 	 255 	 1
351 	 443 	 -40.9078 	 47.174 	 669.202 	 127 	 238 	 255 	 1
351 	 526 	 51.7351 	 64.0704 	 908.892 	 178 	 183 	 179 	 0
351 	 674 	 121.674 	 32.0738 	 454.993 	 80 	 127 	 254 	 3
352 	 257 	 -169.767 	 37.4877 	 521.276 	 192 	 211 	 218 	 2
352 	 296 	 -146.438 	 38.9743 	 541.948 	 151 	 169 	 167 	 2
352 	 346 	 -154.678 	 55.8721 	 776.916 	 216 	 216 	 220 	 4
352 	 403 	 -79.4958 	 48.4402 	 673.573 	 130 	 237 	 255 	 1
352 	 442 	 -41.7611 	 48.0125 	 667.626 	 122 	 236 	 255 	 1
352 	 639 	 107.474 	 35.5129 	 493.817 	 175 	 179 	 176 	 3
352 	 766 	 188.547 	 34.0456 	 473.413 	 59 	 86 	 165 	 3
353 	 236 	 -187.056 	 38.5837 	 526.112 	 208 	 222 	 229 	 2
353 	 275 	 -157.727 	 38.548 	 525.624 	 88 	 114 	 126 	 2
353 	 328 	 -176.624 	 57.6483 	 786.068 	 221 	 220 	 221 	 4
353 	 367 	 -131.383 	 56.9381 	 776.384 	 185 	 192 	 195 	 4
353 	 425 	 -57.4639 	 48.5903 	 662.557 	 111 	 212 	 244 	 1
353 	 655 	 120.124 	 36.646 	 499.69 	 56 	 111 	 253 	 3
354 	 248 	 -176.44 	 38.9705 	 521.276 	 198 	 215 	 222 	 2
354 	 287 	 -150.782 	 39.8308 	 532.784 	 170 	 188 	 198 	 2
354 	 340 	 -161.751 	 58.2416 	 779.05 	 221 	 220 	 221 	 4
354 	 392 	 -94.4068 	 52.8019 	 706.287 	 175 	 178 	 179 	 4
354 	 437 	 -46.2097 	 49.5905 	 663.331 	 124 	 230 	 255 	 1
354 	 542 	 52.7602 	 49.5037 	 662.17 	 117 	 229 	 252 	 1
354 	 658 	 122.149 	 37.3239 	 499.25 	 69 	 119 	 255 	 3
355 	 252 	 -173.474 	 39.7119 	 521.276 	 133 	 149 	 170 	 2
355 	 291 	 -148.029 	 40.665 	 533.787 	 132 	 135 	 151 	 2
355 	 343 	 -158.101 	 59.2276 	 777.448 	 221 	 217 	 219 	 4
355 	 399 	 -82.9829 	 51.1018 	 670.785 	 112 	 215 	 240 	 1
355 	 438 	 -45.2134 	 50.475 	 662.557 	 121 	 223 	 252 	 1
355 	 541 	 51.7882 	 50.4161 	 661.783 	 115 	 232 	 255 	 1
355 	 591 	 99.8999 	 50.9511 	 668.807 	 163 	 178 	 179 	 1
355 	 765 	 187.639 	 36.0205 	 472.821 	 53 	 83 	 165 	 3
356 	 235 	 -187.979 	 40.8665 	 526.6 	 184 	 188 	 207 	 2
356 	 274 	 -158.548 	 40.8097 	 525.868 	 68 	 93 	 119 	 2
356 	 325 	 -180.228 	 61.087 	 787.159 	 216 	 216 	 218 	 4
356 	 364 	 -134.327 	 60.0863 	 774.264 	 188 	 197 	 201 	 4
356 	 417 	 -65.0027 	 51.4173 	 662.557 	 127 	 230 	 255 	 1
356 	 456 	 -28.3007 	 51.5076 	 663.72 	 122 	 239 	 255 	 1
356 	 543 	 53.3594 	 51.0594 	 657.945 	 117 	 232 	 255 	 1
356 	 588 	 96.989 	 51.8718 	 668.413 	 96 	 200 	 225 	 1
356 	 761 	 184.872 	 36.6777 	 472.624 	 46 	 79 	 170 	 3
357 	 232 	 -190.935 	 41.7706 	 528.563 	 96 	 111 	 128 	 2
357 	 271 	 -160.494 	 41.4807 	 524.894 	 64 	 108 	 127 	 2
357 	 323 	 -183.103 	 62.4232 	 789.9 	 215 	 214 	 216 	 4
357 	 362 	 -135.973 	 60.938 	 771.106 	 193 	 199 	 202 	 4
357 	 416 	 -65.9451 	 52.3597 	 662.557 	 124 	 225 	 254 	 1
357 	 455 	 -29.1084 	 52.2072 	 660.627 	 123 	 236 	 255 	 1
357 	 507 	 19.6595 	 51.9651 	 657.563 	 118 	 236 	 255 	 1
357 	 546 	 56.1017 	 51.935 	 657.182 	 114 	 230 	 255 	 1
357 	 585 	 93.5307 	 52.4823 	 664.108 	 82 	 208 	 240 	 1
357 	 678 	 123.618 	 35.77 	 452.632 	 74 	 123 	 255 	 3
358 	 265 	 -164.44 	 42.0909 	 523.2 	 185 	 206 	 212 	 2
358 	 319 	 -187.335 	 63.4583 	 788.802 	 188 	 187 	 186 	 4
358 	 358 	 -140.265 	 61.9926 	 770.582 	 198 	 203 	 205 	 4
358 	 413 	 -68.8123 	 53.3332 	 662.944 	 120 	 222 	 253 	 1
358 	 452 	 -31.9272 	 53.1468 	 660.627 	 123 	 234 	 255 	 1
358 	 493 	 6.56224 	 52.8697 	 657.182 	 118 	 234 	 254 	 1
358 	 532 	 42.9909 	 52.8391 	 656.802 	 114 	 234 	 255 	 1
358 	 571 	 79.9791 	 53.2088 	 661.398 	 93 	 218 	 250 	 1
358 	 665 	 116.599 	 36.8401 	 457.932 	 57 	 120 	 254 	 3
359 	 253 	 -172.733 	 42.6775 	 521.276 	 94 	 96 	 133 	 2
359 	 294 	 -147.768 	 44.3065 	 541.172 	 115 	 132 	 143 	 2
359 	 347 	 -152.632 	 63.2174 	 772.156 	 212 	 215 	 216 	 4
359 	 404 	 -77.9821 	 54.7561 	 668.807 	 99 	 210 	 240 	 1
359 	 443 	 -40.243 	 53.8981 	 658.327 	 115 	 215 	 246 	 1
359 	 482 	 -3.72601 	 53.8981 	 658.327 	 122 	 238 	 255 	 1
359 	 521 	 32.6772 	 53.711 	 656.042 	 119 	 236 	 255 	 1
359 	 560 	 69.1075 	 53.7421 	 656.422 	 108 	 205 	 239 	 1
359 	 642 	 177.635 	 65.5373 	 800.492 	 73 	 121 	 240 	 3
360 	 249 	 -175.698 	 43.419 	 521.276 	 193 	 214 	 216 	 2
360 	 288 	 -150.094 	 44.3983 	 533.034 	 85 	 98 	 118 	 2
360 	 344 	 -156.673 	 64.6236 	 775.853 	 220 	 218 	 219 	 4
360 	 395 	 -92.5456 	 59.571 	 715.193 	 187 	 194 	 193 	 4
360 	 437 	 -45.8344 	 54.8026 	 657.945 	 120 	 220 	 250 	 1
360 	 476 	 -9.33318 	 54.7708 	 657.563 	 120 	 237 	 255 	 1
360 	 515 	 27.0787 	 54.6441 	 656.042 	 117 	 235 	 255 	 1
360 	 554 	 63.5058 	 54.6757 	 656.422 	 97 	 175 	 211 	 1
360 	 593 	 101.503 	 55.5436 	 666.841 	 69 	 106 	 122 	 1
361 	 244 	 -179.736 	 44.2417 	 522.236 	 198 	 217 	 225 	 2
361 	 283 	 -153.165 	 44.9453 	 530.541 	 154 	 175 	 190 	 2
361 	 338 	 -163.518 	 65.8171 	 776.916 	 220 	 222 	 222 	 4
361 	 388 	 -99.6661 	 60.5882 	 715.193 	 162 	 172 	 171 	 4
361 	 430 	 -52.4458 	 55.8031 	 658.709 	 100 	 197 	 236 	 1
361 	 469 	 -15.8707 	 55.6738 	 657.182 	 121 	 234 	 254 	 1
361 	 508 	 20.5709 	 55.6415 	 656.802 	 114 	 236 	 255 	 1
361 	 547 	 56.9704 	 55.6093 	 656.422 	 109 	 212 	 245 	 1
361 	 586 	 94.1445 	 56.0636 	 661.783 	 72 	 202 	 233 	 1
361 	 768 	 189.34 	 39.9887 	 472.034 	 55 	 79 	 149 	 3
362 	 240 	 -183.382 	 45.1508 	 524.167 	 206 	 220 	 228 	 2
362 	 279 	 -155.819 	 45.5932 	 529.303 	 138 	 161 	 163 	 2
362 	 332 	 -170.615 	 67.1059 	 779.05 	 219 	 220 	 222 	 4
362 	 375 	 -121.715 	 66.4217 	 771.106 	 173 	 180 	 184 	 4
362 	 424 	 -58.3041 	 56.9716 	 661.398 	 121 	 224 	 254 	 1
362 	 463 	 -21.4665 	 56.5757 	 656.802 	 102 	 206 	 245 	 1
362 	 502 	 14.9659 	 56.5757 	 656.802 	 114 	 236 	 255 	 1
362 	 541 	 51.3686 	 56.543 	 656.422 	 111 	 223 	 254 	 1
362 	 580 	 88.0859 	 56.74 	 658.709 	 81 	 209 	 241 	 1
362 	 767 	 188.669 	 40.6601 	 472.034 	 51 	 78 	 150 	 3
363 	 240 	 -183.382 	 45.8963 	 524.167 	 204 	 221 	 227 	 2
363 	 279 	 -155.819 	 46.346 	 529.303 	 153 	 178 	 173 	 2
363 	 333 	 -169.507 	 68.214 	 779.05 	 220 	 221 	 224 	 4
363 	 375 	 -121.798 	 67.5643 	 771.63 	 173 	 180 	 182 	 4
363 	 424 	 -58.3041 	 57.9123 	 661.398 	 120 	 223 	 253 	 1
363 	 463 	 -21.4541 	 57.4766 	 656.422 	 109 	 212 	 246 	 1
363 	 502 	 14.9573 	 57.4766 	 656.422 	 113 	 234 	 255 	 1
363 	 541 	 51.3686 	 57.4766 	 656.422 	 109 	 217 	 251 	 1
363 	 580 	 88.0347 	 57.6434 	 658.327 	 84 	 211 	 242 	 1
363 	 769 	 189.696 	 41.2628 	 471.249 	 57 	 81 	 148 	 3
364 	 242 	 -181.305 	 46.4914 	 522.477 	 200 	 220 	 226 	 2
364 	 281 	 -154.53 	 47.1649 	 530.045 	 127 	 157 	 170 	 2
364 	 337 	 -164.962 	 69.2744 	 778.515 	 223 	 224 	 225 	 4
364 	 378 	 -118.748 	 68.8022 	 773.208 	 168 	 179 	 177 	 4
364 	 426 	 -56.3242 	 58.7502 	 660.243 	 118 	 224 	 254 	 1
364 	 465 	 -19.5869 	 58.4102 	 656.422 	 116 	 220 	 251 	 1
364 	 504 	 16.8245 	 58.4102 	 656.422 	 111 	 234 	 254 	 1
364 	 543 	 53.2359 	 58.4102 	 656.422 	 109 	 220 	 252 	 1
364 	 582 	 90.0642 	 58.6819 	 659.475 	 89 	 215 	 244 	 1
364 	 771 	 190.64 	 41.8461 	 470.272 	 48 	 77 	 151 	 3
365 	 250 	 -175.118 	 47.1693 	 521.756 	 191 	 212 	 215 	 2
365 	 289 	 -149.688 	 48.3025 	 534.29 	 114 	 139 	 151 	 2
365 	 346 	 -154.15 	 69.9974 	 774.264 	 212 	 216 	 219 	 4
365 	 391 	 -97.0428 	 64.9437 	 718.364 	 165 	 174 	 176 	 4
365 	 433 	 -49.4628 	 59.3438 	 656.422 	 121 	 228 	 255 	 1
365 	 472 	 -13.0666 	 59.4126 	 657.182 	 117 	 228 	 254 	 1
365 	 511 	 23.3464 	 59.3095 	 656.042 	 112 	 231 	 254 	 1
365 	 550 	 59.7367 	 59.3095 	 656.042 	 105 	 209 	 243 	 1
365 	 589 	 96.9682 	 59.8286 	 661.783 	 60 	 171 	 205 	 1
366 	 257 	 -170.237 	 47.9998 	 522.717 	 192 	 210 	 218 	 2
366 	 353 	 -146.241 	 71.0017 	 773.208 	 208 	 212 	 211 	 4
366 	 398 	 -89.5504 	 65.7158 	 715.645 	 196 	 205 	 209 	 1
366 	 440 	 -42.9275 	 60.2775 	 656.422 	 126 	 233 	 255 	 1
366 	 479 	 -6.51611 	 60.2775 	 656.422 	 119 	 232 	 255 	 1
366 	 518 	 29.8607 	 60.2078 	 655.663 	 112 	 227 	 255 	 1
366 	 557 	 66.23 	 60.2078 	 655.663 	 108 	 221 	 249 	 1
367 	 263 	 -166.082 	 48.8332 	 523.683 	 185 	 205 	 214 	 2
367 	 319 	 -188.384 	 73.967 	 793.215 	 183 	 187 	 185 	 4
367 	 358 	 -140.551 	 72.0032 	 772.156 	 199 	 205 	 205 	 4
367 	 408 	 -74.0026 	 62.2193 	 667.233 	 92 	 202 	 230 	 1
367 	 447 	 -36.4132 	 61.2465 	 656.802 	 124 	 234 	 255 	 1
367 	 486 	 0.0192677 	 61.2111 	 656.422 	 116 	 233 	 255 	 1
367 	 525 	 36.3885 	 61.1403 	 655.663 	 108 	 227 	 254 	 1
367 	 564 	 72.842 	 61.2111 	 656.422 	 95 	 218 	 249 	 1
367 	 665 	 116.223 	 42.5645 	 456.457 	 52 	 112 	 250 	 3
368 	 233 	 -190.36 	 50.0868 	 529.056 	 203 	 220 	 225 	 2
368 	 272 	 -160.118 	 49.808 	 526.112 	 155 	 186 	 185 	 2
368 	 327 	 -177.989 	 74.5219 	 787.159 	 220 	 218 	 222 	 4
368 	 366 	 -132.487 	 73.5018 	 776.384 	 186 	 193 	 196 	 4
368 	 421 	 -61.1619 	 62.6523 	 661.783 	 111 	 224 	 253 	 1
368 	 460 	 -24.255 	 62.1447 	 656.422 	 117 	 232 	 255 	 1
368 	 499 	 12.1283 	 62.0012 	 654.906 	 112 	 230 	 255 	 1
368 	 538 	 48.4556 	 62.0012 	 654.906 	 95 	 214 	 250 	 1
368 	 577 	 84.9791 	 62.1447 	 656.422 	 81 	 208 	 237 	 1
368 	 677 	 122.34 	 42.6304 	 450.296 	 55 	 112 	 243 	 3
369 	 246 	 -178.579 	 50.2765 	 523.2 	 196 	 214 	 221 	 2
369 	 285 	 -152.083 	 51.1254 	 532.034 	 142 	 158 	 169 	 2
369 	 340 	 -161.973 	 74.9652 	 780.122 	 220 	 221 	 224 	 4
369 	 392 	 -96.0819 	 69.0744 	 718.819 	 142 	 150 	 156 	 4
369 	 437 	 -45.7283 	 63.0783 	 656.422 	 113 	 226 	 254 	 1
369 	 476 	 -9.30621 	 63.0054 	 655.663 	 116 	 232 	 255 	 1
369 	 515 	 27.0162 	 62.8963 	 654.528 	 104 	 224 	 254 	 1
369 	 554 	 63.3591 	 62.9327 	 654.906 	 98 	 219 	 250 	 1
369 	 593 	 100.851 	 63.6679 	 662.557 	 89 	 148 	 162 	 1
370 	 264 	 -165.72 	 51.1859 	 524.894 	 185 	 205 	 211 	 2
370 	 320 	 -187.255 	 77.3515 	 793.215 	 195 	 197 	 197 	 4
370 	 359 	 -139.453 	 75.2979 	 772.156 	 198 	 204 	 205 	 4
370 	 429 	 -53.2899 	 64.1233 	 657.563 	 112 	 225 	 252 	 1
370 	 468 	 -16.7569 	 63.901 	 655.284 	 121 	 232 	 255 	 1
370 	 507 	 19.5575 	 63.7905 	 654.15 	 110 	 231 	 255 	 1
370 	 546 	 55.8751 	 63.8273 	 654.528 	 97 	 221 	 253 	 1
370 	 585 	 92.9321 	 64.3471 	 659.859 	 59 	 166 	 197 	 1
371 	 259 	 -168.983 	 51.7886 	 523.441 	 187 	 208 	 216 	 2
371 	 353 	 -146.943 	 76.8671 	 776.916 	 206 	 212 	 212 	 4
371 	 428 	 -54.2566 	 65.0963 	 657.945 	 104 	 220 	 248 	 1
371 	 467 	 -17.6889 	 64.833 	 655.284 	 118 	 231 	 255 	 1
371 	 506 	 18.6271 	 64.7209 	 654.15 	 108 	 229 	 255 	 1
371 	 545 	 54.8808 	 64.6836 	 653.773 	 94 	 219 	 252 	 1
371 	 584 	 91.8334 	 65.1719 	 658.709 	 60 	 166 	 195 	 1
372 	 256 	 -171.454 	 52.606 	 524.167 	 196 	 214 	 219 	 2
372 	 351 	 -149.357 	 78.0791 	 777.981 	 209 	 211 	 214 	 4
372 	 417 	 -65.0027 	 66.4949 	 662.557 	 89 	 197 	 225 	 1
372 	 456 	 -27.9571 	 65.8031 	 655.663 	 112 	 228 	 255 	 1
372 	 495 	 8.37825 	 65.5379 	 653.021 	 110 	 230 	 255 	 1
372 	 534 	 44.601 	 65.5379 	 653.021 	 97 	 219 	 253 	 1
372 	 573 	 81.2446 	 65.8792 	 656.422 	 60 	 184 	 219 	 1
372 	 675 	 121.252 	 45.2641 	 451.013 	 54 	 108 	 245 	 3
373 	 235 	 -189.918 	 54.1522 	 532.034 	 201 	 218 	 224 	 2
373 	 274 	 -159.138 	 53.7239 	 527.825 	 178 	 198 	 206 	 2
373 	 331 	 -172.791 	 79.7876 	 783.895 	 221 	 220 	 225 	 4
373 	 370 	 -127.459 	 78.6462 	 772.682 	 179 	 187 	 189 	 4
373 	 436 	 -46.689 	 66.8515 	 656.802 	 107 	 219 	 248 	 1
373 	 475 	 -10.2269 	 66.6585 	 654.906 	 112 	 227 	 254 	 1
373 	 514 	 26.0102 	 66.4284 	 652.645 	 94 	 224 	 254 	 1
373 	 553 	 62.3556 	 66.5816 	 654.15 	 87 	 214 	 247 	 1
374 	 258 	 -169.963 	 54.097 	 524.167 	 188 	 209 	 216 	 2
374 	 354 	 -146.238 	 80.4024 	 779.05 	 204 	 209 	 213 	 4
374 	 416 	 -65.9836 	 68.4196 	 662.944 	 89 	 195 	 221 	 1
374 	 455 	 -28.8897 	 67.6681 	 655.663 	 105 	 222 	 254 	 1
374 	 494 	 7.45805 	 67.4731 	 653.773 	 101 	 225 	 254 	 1
374 	 533 	 43.6219 	 67.3179 	 652.27 	 94 	 218 	 250 	 1
374 	 572 	 80.311 	 67.7465 	 656.422 	 58 	 176 	 209 	 1
374 	 678 	 122.932 	 46.4547 	 450.118 	 44 	 100 	 241 	 3
375 	 237 	 -187.35 	 55.3541 	 529.056 	 201 	 217 	 224 	 2
375 	 276 	 -157.93 	 55.3283 	 528.81 	 173 	 196 	 205 	 2
375 	 333 	 -170.679 	 82.0741 	 784.438 	 222 	 220 	 224 	 4
375 	 372 	 -126.207 	 81.4545 	 778.515 	 177 	 186 	 187 	 4
375 	 429 	 -53.3208 	 68.8394 	 657.945 	 80 	 194 	 225 	 1
375 	 468 	 -16.7666 	 68.6007 	 655.663 	 103 	 223 	 255 	 1
375 	 507 	 19.5462 	 68.403 	 653.773 	 91 	 222 	 254 	 1
375 	 546 	 55.7785 	 68.3636 	 653.397 	 89 	 215 	 246 	 1
375 	 585 	 92.7164 	 68.8794 	 658.327 	 103 	 159 	 177 	 1
376 	 248 	 -177.5 	 55.6137 	 524.409 	 194 	 211 	 221 	 2
376 	 287 	 -150.077 	 56.2377 	 530.293 	 169 	 187 	 195 	 2
376 	 344 	 -157.861 	 82.9032 	 781.734 	 214 	 217 	 217 	 4
376 	 383 	 -114.577 	 82.9603 	 782.274 	 168 	 175 	 176 	 4
376 	 440 	 -42.9275 	 69.6137 	 656.422 	 98 	 210 	 242 	 1
376 	 479 	 -6.50106 	 69.4529 	 654.906 	 98 	 224 	 255 	 1
376 	 518 	 29.672 	 69.0939 	 651.52 	 88 	 218 	 252 	 1
376 	 557 	 65.9251 	 69.2132 	 652.645 	 67 	 186 	 221 	 1
377 	 253 	 -173.851 	 56.3857 	 524.652 	 156 	 168 	 175 	 2
377 	 348 	 -152.677 	 83.6117 	 777.981 	 211 	 214 	 217 	 4
377 	 441 	 -41.9939 	 70.5473 	 656.422 	 82 	 198 	 233 	 1
377 	 480 	 -5.56959 	 70.3844 	 654.906 	 98 	 221 	 253 	 1
377 	 519 	 30.5636 	 69.9402 	 650.773 	 86 	 217 	 249 	 1
377 	 558 	 66.8534 	 70.1414 	 652.645 	 59 	 180 	 214 	 1
378 	 261 	 -167.959 	 57.1583 	 524.894 	 183 	 206 	 214 	 2
378 	 355 	 -144.633 	 84.5442 	 776.384 	 202 	 206 	 210 	 4
378 	 416 	 -66.0995 	 72.318 	 664.108 	 92 	 186 	 210 	 1
378 	 455 	 -28.8897 	 71.3983 	 655.663 	 98 	 217 	 248 	 1
378 	 494 	 7.45376 	 71.1516 	 653.397 	 94 	 217 	 249 	 1
378 	 533 	 43.5718 	 70.9472 	 651.52 	 82 	 211 	 243 	 1
378 	 572 	 80.2645 	 71.4396 	 656.042 	 62 	 170 	 200 	 1
379 	 239 	 -184.811 	 58.0392 	 526.112 	 200 	 217 	 223 	 2
379 	 278 	 -156.499 	 58.364 	 529.056 	 137 	 168 	 173 	 2
379 	 332 	 -172.033 	 86.6568 	 785.524 	 218 	 219 	 223 	 4
379 	 371 	 -126.792 	 85.5314 	 775.322 	 174 	 185 	 186 	 4
379 	 433 	 -49.5776 	 72.5826 	 657.945 	 77 	 186 	 216 	 1
379 	 472 	 -13.0213 	 72.2474 	 654.906 	 91 	 216 	 246 	 1
379 	 511 	 23.1855 	 71.8739 	 651.52 	 82 	 214 	 246 	 1
379 	 550 	 59.359 	 71.9152 	 651.895 	 64 	 176 	 210 	 1
380 	 256 	 -171.692 	 58.6514 	 524.894 	 193 	 212 	 219 	 2
380 	 349 	 -150.333 	 86.2216 	 771.63 	 207 	 211 	 215 	 4
380 	 389 	 -109.872 	 89.0068 	 796.557 	 151 	 160 	 162 	 4
380 	 445 	 -38.2372 	 73.3058 	 656.042 	 71 	 186 	 218 	 1
380 	 484 	 -1.84265 	 73.1366 	 654.528 	 89 	 216 	 246 	 1
380 	 523 	 34.2463 	 72.6753 	 650.4 	 71 	 201 	 234 	 1
380 	 562 	 70.77 	 73.1366 	 654.528 	 65 	 173 	 204 	 1
380 	 639 	 106.409 	 54.6318 	 488.921 	 187 	 187 	 188 	 3
381 	 228 	 -196.971 	 60.7473 	 536.818 	 191 	 192 	 190 	 2
381 	 267 	 -163.859 	 59.5357 	 526.112 	 181 	 201 	 208 	 2
381 	 322 	 -184.87 	 89.6988 	 792.66 	 207 	 209 	 214 	 4
381 	 361 	 -137.256 	 87.3785 	 772.156 	 191 	 198 	 201 	 4
381 	 417 	 -65.7322 	 75.8175 	 669.992 	 136 	 181 	 189 	 1
381 	 456 	 -27.9571 	 74.196 	 655.663 	 77 	 193 	 224 	 1
381 	 495 	 8.36862 	 73.812 	 652.27 	 80 	 209 	 244 	 1
381 	 534 	 44.4729 	 73.6849 	 651.146 	 53 	 176 	 212 	 1
381 	 573 	 81.1507 	 74.196 	 655.663 	 56 	 152 	 182 	 1
381 	 771 	 191.116 	 53.3495 	 471.445 	 137 	 141 	 150 	 3
382 	 236 	 -188.366 	 60.7064 	 529.798 	 200 	 217 	 224 	 2
382 	 275 	 -158.461 	 60.5085 	 528.071 	 160 	 191 	 191 	 2
382 	 331 	 -173.511 	 90.1959 	 787.159 	 215 	 217 	 221 	 4
382 	 370 	 -127.982 	 88.9004 	 775.853 	 174 	 186 	 190 	 4
382 	 432 	 -50.6309 	 75.5653 	 659.475 	 81 	 183 	 211 	 1
382 	 471 	 -13.9448 	 74.9985 	 654.528 	 70 	 198 	 230 	 1
382 	 510 	 22.2205 	 74.5254 	 650.4 	 63 	 195 	 228 	 1
382 	 549 	 58.4319 	 74.6967 	 651.895 	 72 	 162 	 195 	 1
383 	 253 	 -173.851 	 60.8629 	 524.652 	 130 	 159 	 163 	 2
383 	 349 	 -150.129 	 89.3924 	 770.582 	 188 	 201 	 207 	 4
383 	 452 	 -31.6873 	 76.0611 	 655.663 	 68 	 178 	 209 	 1
383 	 491 	 4.66848 	 75.8419 	 653.773 	 57 	 193 	 225 	 1
383 	 530 	 40.7685 	 75.5371 	 651.146 	 60 	 165 	 202 	 1
383 	 569 	 77.4205 	 76.0611 	 655.663 	 64 	 159 	 187 	 1
383 	 677 	 122.486 	 52.2995 	 450.833 	 50 	 111 	 238 	 3
384 	 231 	 -194.772 	 63.0677 	 537.072 	 199 	 209 	 218 	 2
384 	 270 	 -161.689 	 61.8092 	 526.356 	 181 	 201 	 211 	 2
384 	 328 	 -177.238 	 92.6279 	 788.802 	 186 	 196 	 198 	 4
384 	 367 	 -131.653 	 91.3573 	 777.981 	 167 	 177 	 184 	 4
384 	 433 	 -49.8087 	 77.6217 	 661.012 	 77 	 182 	 209 	 1
384 	 472 	 -13.0138 	 76.8603 	 654.528 	 66 	 186 	 219 	 1
384 	 511 	 23.1456 	 76.3755 	 650.4 	 55 	 173 	 208 	 1
384 	 550 	 59.4273 	 76.6392 	 652.645 	 61 	 168 	 200 	 1
385 	 253 	 -173.932 	 62.3842 	 524.894 	 143 	 159 	 168 	 2
385 	 351 	 -147.836 	 91.5222 	 770.059 	 150 	 178 	 181 	 4
385 	 456 	 -27.9571 	 77.9261 	 655.663 	 71 	 180 	 212 	 1
385 	 495 	 8.36381 	 77.4783 	 651.895 	 63 	 183 	 215 	 1
385 	 534 	 44.5241 	 77.4783 	 651.895 	 57 	 167 	 199 	 1
385 	 770 	 190.762 	 56.125 	 472.23 	 142 	 147 	 149 	 3
386 	 237 	 -187.525 	 63.6907 	 529.55 	 200 	 215 	 225 	 2
386 	 276 	 -158.004 	 63.6313 	 529.056 	 143 	 173 	 174 	 2
386 	 336 	 -167.68 	 94.543 	 786.068 	 199 	 211 	 201 	 4
386 	 375 	 -121.964 	 92.9329 	 772.682 	 182 	 191 	 190 	 4
386 	 442 	 -41.1316 	 79.0873 	 657.563 	 72 	 178 	 206 	 1
386 	 481 	 -4.63277 	 78.6768 	 654.15 	 60 	 179 	 211 	 1
386 	 520 	 31.4892 	 78.2705 	 650.773 	 57 	 166 	 202 	 1
386 	 559 	 68.0164 	 78.7676 	 654.906 	 62 	 160 	 190 	 1
387 	 261 	 -168.193 	 63.9661 	 525.624 	 183 	 206 	 213 	 2
387 	 323 	 -183.742 	 96.4632 	 792.66 	 203 	 208 	 209 	 4
387 	 362 	 -136.158 	 93.9679 	 772.156 	 190 	 199 	 199 	 4
387 	 430 	 -53.031 	 81.0563 	 666.058 	 120 	 171 	 182 	 1
387 	 469 	 -15.8249 	 79.7451 	 655.284 	 69 	 181 	 212 	 1
387 	 508 	 20.3704 	 79.1507 	 650.4 	 37 	 149 	 189 	 1
387 	 547 	 56.806 	 79.6531 	 654.528 	 59 	 162 	 193 	 1
388 	 248 	 -177.747 	 64.6538 	 525.137 	 193 	 211 	 220 	 2
388 	 287 	 -150.853 	 65.626 	 533.034 	 167 	 185 	 192 	 2
388 	 350 	 -148.931 	 94.808 	 770.059 	 191 	 202 	 200 	 4
388 	 457 	 -27.0559 	 80.8172 	 656.422 	 66 	 171 	 203 	 1
388 	 496 	 9.29099 	 80.2598 	 651.895 	 63 	 176 	 207 	 1
388 	 535 	 45.4774 	 80.306 	 652.27 	 59 	 163 	 197 	 1
388 	 767 	 188.826 	 58.1642 	 472.427 	 60 	 71 	 120 	 3
389 	 235 	 -190.723 	 66.5405 	 534.29 	 199 	 215 	 223 	 2
389 	 274 	 -159.435 	 65.858 	 528.81 	 176 	 193 	 200 	 2
389 	 448 	 -35.4996 	 81.8456 	 657.182 	 66 	 170 	 201 	 1
389 	 487 	 0.951241 	 81.6092 	 655.284 	 63 	 174 	 203 	 1
389 	 526 	 37.2135 	 81.421 	 653.773 	 56 	 166 	 198 	 1
389 	 644 	 109.886 	 60.8903 	 488.921 	 92 	 126 	 201 	 3
390 	 263 	 -166.775 	 66.2396 	 525.868 	 182 	 204 	 211 	 2
390 	 475 	 -10.2506 	 82.6845 	 656.422 	 68 	 173 	 204 	 1
390 	 514 	 25.9803 	 82.1142 	 651.895 	 51 	 154 	 191 	 1
391 	 253 	 -174.012 	 66.8945 	 525.137 	 131 	 163 	 180 	 2
391 	 464 	 -20.5443 	 83.715 	 657.182 	 67 	 170 	 201 	 1
391 	 503 	 15.8359 	 83.3288 	 654.15 	 62 	 167 	 198 	 1
391 	 542 	 52.1815 	 83.425 	 654.906 	 80 	 151 	 177 	 1
392 	 240 	 -184.576 	 67.956 	 527.58 	 201 	 216 	 224 	 2
392 	 279 	 -156.184 	 68.3374 	 530.541 	 149 	 173 	 178 	 2
392 	 450 	 -33.6692 	 84.7479 	 657.945 	 70 	 147 	 177 	 1
392 	 489 	 2.82014 	 84.5517 	 656.422 	 66 	 167 	 198 	 1
392 	 528 	 39.1409 	 84.3564 	 654.906 	 54 	 149 	 181 	 1
392 	 647 	 111.972 	 62.9764 	 488.921 	 77 	 108 	 215 	 3
393 	 266 	 -164.607 	 68.5152 	 526.112 	 179 	 203 	 211 	 2
393 	 476 	 -9.32238 	 85.5348 	 656.802 	 62 	 162 	 192 	 1
393 	 515 	 26.923 	 84.9446 	 652.27 	 53 	 152 	 184 	 1
394 	 256 	 -171.772 	 69.1352 	 525.137 	 191 	 205 	 217 	 2
394 	 469 	 -15.8984 	 86.6697 	 658.327 	 63 	 137 	 173 	 1
394 	 508 	 20.5234 	 86.2692 	 655.284 	 56 	 139 	 173 	 1
395 	 259 	 -169.688 	 69.9468 	 525.624 	 190 	 210 	 217 	 2
395 	 472 	 -13.0894 	 87.6061 	 658.327 	 58 	 116 	 156 	 1
395 	 511 	 23.3059 	 87.1508 	 654.906 	 77 	 123 	 149 	 1
396 	 262 	 -167.601 	 70.76 	 526.112 	 186 	 205 	 213 	 2
396 	 474 	 -11.2362 	 88.6968 	 659.475 	 56 	 90 	 125 	 1
396 	 513 	 25.1398 	 87.9807 	 654.15 	 96 	 114 	 128 	 1
397 	 261 	 -168.349 	 71.5083 	 526.112 	 187 	 206 	 214 	 2
397 	 475 	 -10.3043 	 89.687 	 659.859 	 83 	 123 	 133 	 1
397 	 514 	 26.0702 	 88.9111 	 654.15 	 109 	 135 	 139 	 1
398 	 264 	 -166.181 	 72.2901 	 526.356 	 181 	 203 	 211 	 2
398 	 484 	 -1.8512 	 90.3102 	 657.563 	 120 	 160 	 165 	 1
398 	 661 	 146.15 	 80.6341 	 587.11 	 42 	 84 	 210 	 3
399 	 238 	 -187.472 	 73.7575 	 531.536 	 197 	 211 	 220 	 2
399 	 277 	 -157.914 	 73.7229 	 531.287 	 172 	 191 	 198 	 2
400 	 256 	 -171.851 	 73.6507 	 525.381 	 192 	 207 	 218 	 2
400 	 661 	 145.622 	 82.0071 	 584.991 	 45 	 86 	 208 	 3
401 	 237 	 -188.405 	 75.3401 	 532.034 	 190 	 215 	 210 	 2
401 	 276 	 -158.447 	 75.1287 	 530.541 	 174 	 192 	 198 	 2
402 	 245 	 -180.489 	 75.3196 	 526.6 	 193 	 213 	 218 	 2
402 	 284 	 -153.271 	 76.3116 	 533.536 	 166 	 186 	 193 	 2
403 	 248 	 -178.077 	 75.998 	 526.112 	 192 	 212 	 221 	 2
404 	 245 	 -180.573 	 76.8532 	 526.845 	 195 	 213 	 220 	 2
404 	 284 	 -153.271 	 77.8293 	 533.536 	 166 	 185 	 191 	 2
404 	 755 	 181.899 	 69.3483 	 475.397 	 39 	 61 	 134 	 3
405 	 270 	 -162.519 	 77.9283 	 529.056 	 181 	 201 	 207 	 2
406 	 246 	 -179.991 	 78.4247 	 527.335 	 190 	 211 	 218 	 2
406 	 285 	 -152.44 	 79.3096 	 533.285 	 164 	 184 	 192 	 2
406 	 665 	 146.532 	 85.5868 	 575.493 	 41 	 77 	 204 	 3
407 	 262 	 -167.756 	 79.0645 	 526.6 	 183 	 206 	 214 	 2
407 	 754 	 181.147 	 71.3468 	 475.198 	 40 	 65 	 134 	 3
408 	 233 	 -191.972 	 80.8646 	 533.536 	 179 	 190 	 192 	 2
408 	 272 	 -161.315 	 80.3356 	 530.045 	 177 	 198 	 202 	 2
408 	 756 	 182.27 	 71.9323 	 474.601 	 76 	 90 	 134 	 3
409 	 234 	 -191.213 	 81.6235 	 533.536 	 177 	 193 	 200 	 2
409 	 273 	 -160.862 	 81.2413 	 531.038 	 166 	 190 	 192 	 2
409 	 748 	 168.28 	 69.081 	 451.551 	 33 	 57 	 158 	 3
410 	 267 	 -164.623 	 81.6145 	 528.563 	 177 	 200 	 208 	 2
410 	 743 	 165.069 	 69.7233 	 451.551 	 42 	 77 	 169 	 3
411 	 264 	 -166.568 	 82.2131 	 527.58 	 180 	 205 	 211 	 2
411 	 728 	 155.003 	 70.17 	 450.296 	 44 	 80 	 182 	 3
412 	 254 	 -174.233 	 83.0407 	 528.071 	 191 	 211 	 218 	 2
412 	 699 	 136.81 	 71.0077 	 451.551 	 35 	 73 	 186 	 3
413 	 238 	 -188.266 	 84.6987 	 533.787 	 170 	 199 	 196 	 2
413 	 277 	 -158.211 	 84.4602 	 532.284 	 133 	 154 	 172 	 2
413 	 741 	 163.915 	 71.7071 	 451.911 	 44 	 76 	 168 	 3
414 	 266 	 -165.297 	 84.5822 	 528.317 	 170 	 188 	 199 	 2
414 	 709 	 143.175 	 72.2634 	 451.372 	 44 	 86 	 198 	 3
415 	 241 	 -184.685 	 85.6128 	 530.045 	 198 	 212 	 220 	 2
415 	 280 	 -156.086 	 86.0551 	 532.784 	 162 	 177 	 184 	 2
415 	 707 	 141.948 	 72.9344 	 451.551 	 42 	 87 	 196 	 3
416 	 239 	 -187.243 	 86.8537 	 533.034 	 194 	 211 	 217 	 2
416 	 278 	 -157.232 	 86.6095 	 531.536 	 161 	 176 	 184 	 2
416 	 730 	 156.782 	 73.606 	 451.731 	 45 	 73 	 169 	 3
417 	 252 	 -175.654 	 86.7557 	 527.825 	 190 	 209 	 215 	 2
417 	 706 	 141.871 	 74.5156 	 453.356 	 45 	 87 	 193 	 3
418 	 273 	 -160.187 	 87.6696 	 528.81 	 160 	 171 	 180 	 2
418 	 724 	 153.049 	 74.9507 	 452.091 	 40 	 73 	 174 	 3
419 	 699 	 138.241 	 76.2931 	 456.274 	 37 	 70 	 178 	 3
419 	 747 	 174.299 	 78.5035 	 469.494 	 140 	 151 	 151 	 3
420 	 673 	 126.88 	 80.4364 	 476.996 	 60 	 79 	 176 	 3
420 	 732 	 158.193 	 76.2367 	 452.091 	 40 	 64 	 153 	 3
421 	 698 	 137.925 	 77.7787 	 457.378 	 36 	 67 	 176 	 3
422 	 704 	 141.828 	 78.4292 	 457.378 	 37 	 73 	 178 	 3
423 	 718 	 150.511 	 78.8572 	 456.09 	 35 	 66 	 169 	 3
424 	 695 	 137.246 	 80.4766 	 461.659 	 39 	 68 	 174 	 3
425 	 722 	 154.347 	 80.8044 	 459.788 	 38 	 56 	 150 	 3
427 	 698 	 139.557 	 82.6483 	 462.789 	 36 	 50 	 146 	 3
