3 	 865 	 1029.33 	 -794.902 	 1897.17 	 158 	 154 	 155 	 0
40 	 890 	 1100.76 	 -697.062 	 1903.62 	 157 	 160 	 157 	 0
28 	 888 	 1086.09 	 -723.519 	 1887.57 	 168 	 179 	 175 	 0
38 	 888 	 1095.33 	 -702.497 	 1903.62 	 154 	 162 	 154 	 0
27 	 876 	 1075.52 	 -741.212 	 1926.56 	 160 	 161 	 154 	 0
39 	 879 	 1080.06 	 -705.781 	 1919.95 	 160 	 162 	 169 	 0
45 	 880 	 1084.66 	 -690.521 	 1923.25 	 174 	 182 	 179 	 0
9 	 878 	 1039.86 	 -760.605 	 1853.19 	 157 	 170 	 161 	 0
13 	 881 	 1065.43 	 -762.65 	 1884.39 	 160 	 179 	 172 	 0
23 	 874 	 1064.53 	 -748.349 	 1916.66 	 156 	 157 	 155 	 0
33 	 884 	 1062.77 	 -701.762 	 1865.55 	 158 	 160 	 157 	 0
87 	 908 	 1161.53 	 -575.214 	 1923.25 	 165 	 167 	 163 	 0
89 	 906 	 1160.02 	 -571.688 	 1929.88 	 162 	 168 	 165 	 0
77 	 898 	 1122.5 	 -596.519 	 1903.62 	 160 	 166 	 159 	 0
84 	 901 	 1146.25 	 -585.462 	 1929.88 	 165 	 165 	 161 	 0
69 	 901 	 1123.01 	 -614.08 	 1890.76 	 157 	 166 	 160 	 0
67 	 902 	 1133.37 	 -623.693 	 1903.62 	 161 	 165 	 162 	 0
73 	 901 	 1123.01 	 -603.284 	 1890.76 	 162 	 164 	 161 	 0
58 	 894 	 1136.76 	 -662.803 	 1946.66 	 162 	 164 	 156 	 0
63 	 904 	 1174.77 	 -654.601 	 1963.73 	 174 	 177 	 181 	 0
94 	 906 	 1168.08 	 -561.788 	 1943.28 	 165 	 169 	 163 	 0
100 	 915 	 1180.75 	 -539.524 	 1923.25 	 166 	 170 	 164 	 0
129 	 916 	 1210.53 	 -470.415 	 1967.19 	 185 	 192 	 194 	 0
111 	 919 	 1202.05 	 -513.738 	 1939.91 	 172 	 170 	 168 	 0
121 	 924 	 1226.53 	 -490.295 	 1956.87 	 170 	 172 	 170 	 0
105 	 919 	 1197.9 	 -528.521 	 1933.21 	 173 	 176 	 171 	 0
109 	 919 	 1204.14 	 -520.178 	 1943.28 	 164 	 171 	 167 	 0
126 	 914 	 1211.3 	 -481.377 	 1977.61 	 185 	 194 	 190 	 0
118 	 916 	 1234.39 	 -511.187 	 2005.97 	 173 	 169 	 168 	 0
136 	 930 	 1288.34 	 -464.64 	 2027.77 	 172 	 174 	 171 	 0
133 	 924 	 1289.66 	 -480.284 	 2057.59 	 168 	 175 	 170 	 0
132 	 921 	 1276.16 	 -481.452 	 2050.05 	 172 	 169 	 175 	 0
153 	 936 	 1332.25 	 -423.878 	 2069 	 172 	 178 	 175 	 0
158 	 940 	 1351.56 	 -411.392 	 2080.54 	 175 	 178 	 176 	 0
163 	 941 	 1354.53 	 -396.543 	 2080.54 	 177 	 180 	 176 	 0
144 	 923 	 1301.07 	 -452.971 	 2080.54 	 185 	 191 	 192 	 0
149 	 936 	 1329.79 	 -434.888 	 2065.18 	 177 	 177 	 173 	 0
160 	 940 	 1354.08 	 -406.207 	 2084.41 	 175 	 179 	 177 	 0
181 	 937 	 1370.68 	 -350.245 	 2123.96 	 194 	 199 	 195 	 0
176 	 941 	 1388.07 	 -366.797 	 2132.05 	 179 	 179 	 179 	 0
4 	 570 	 241.463 	 -830.185 	 1988.15 	 149 	 154 	 151 	 1
19 	 549 	 183.494 	 -794.672 	 2005.97 	 148 	 154 	 153 	 1
20 	 561 	 214.776 	 -780.617 	 1977.61 	 163 	 172 	 171 	 1
17 	 548 	 180.307 	 -798.967 	 2002.38 	 138 	 140 	 142 	 1
10 	 565 	 227.273 	 -813.157 	 1988.15 	 148 	 155 	 152 	 1
14 	 555 	 200.675 	 -808.989 	 2005.97 	 146 	 155 	 152 	 1
36 	 532 	 137.025 	 -758.222 	 2038.85 	 150 	 154 	 150 	 1
43 	 525 	 117.078 	 -740.547 	 2046.3 	 151 	 154 	 155 	 1
25 	 545 	 175.821 	 -794.579 	 2050.05 	 148 	 155 	 152 	 1
30 	 528 	 125.383 	 -775.685 	 2038.85 	 164 	 167 	 169 	 1
31 	 531 	 134.114 	 -772.774 	 2038.85 	 146 	 139 	 146 	 1
37 	 521 	 105.202 	 -756.69 	 2042.57 	 156 	 160 	 157 	 1
42 	 518 	 96.6306 	 -743.468 	 2046.3 	 145 	 148 	 149 	 1
46 	 522 	 108.712 	 -734.469 	 2053.81 	 151 	 152 	 153 	 1
55 	 503 	 53.7981 	 -718.632 	 2084.41 	 150 	 154 	 153 	 1
61 	 505 	 59.3072 	 -695.597 	 2069 	 151 	 154 	 156 	 1
63 	 499 	 41.5097 	 -688.418 	 2065.18 	 152 	 153 	 153 	 1
48 	 514 	 85.4148 	 -729.945 	 2057.59 	 151 	 155 	 154 	 1
50 	 507 	 65.2142 	 -728.086 	 2069 	 133 	 147 	 148 	 1
72 	 487 	 6.19057 	 -668.049 	 2084.41 	 150 	 153 	 155 	 1
67 	 485 	 0.240978 	 -686.763 	 2096.12 	 146 	 147 	 151 	 1
77 	 471 	 -41.3399 	 -651.957 	 2080.54 	 162 	 165 	 165 	 1
84 	 464 	 -62.7123 	 -637.089 	 2100.05 	 142 	 150 	 151 	 1
92 	 468 	 -49.787 	 -601.815 	 2061.38 	 161 	 162 	 167 	 1
94 	 451 	 -102.647 	 -612.86 	 2119.94 	 148 	 150 	 152 	 1
102 	 454 	 -92.6903 	 -583.128 	 2100.05 	 153 	 157 	 158 	 1
87 	 461 	 -73.0768 	 -640.105 	 2140.21 	 152 	 151 	 153 	 1
109 	 428 	 -171.923 	 -566.394 	 2115.93 	 169 	 170 	 171 	 1
115 	 438 	 -143.619 	 -555.624 	 2144.31 	 155 	 157 	 162 	 1
105 	 442 	 -131.375 	 -586.233 	 2144.31 	 158 	 153 	 155 	 1
100 	 444 	 -124.775 	 -599.242 	 2136.12 	 148 	 147 	 154 	 1
107 	 442 	 -130.624 	 -576.797 	 2132.05 	 158 	 153 	 156 	 1
110 	 447 	 -116.293 	 -572.024 	 2148.42 	 167 	 171 	 176 	 1
125 	 422 	 -192.964 	 -526.022 	 2148.42 	 156 	 155 	 156 	 1
113 	 435 	 -153.095 	 -562.824 	 2148.42 	 155 	 156 	 158 	 1
121 	 420 	 -199.481 	 -539.324 	 2152.56 	 160 	 155 	 157 	 1
136 	 407 	 -240.816 	 -496.095 	 2165.05 	 161 	 155 	 157 	 1
135 	 412 	 -225.363 	 -499.186 	 2165.05 	 163 	 154 	 161 	 1
134 	 409 	 -235.546 	 -504.227 	 2173.45 	 159 	 152 	 158 	 1
128 	 419 	 -206.525 	 -527.968 	 2194.76 	 158 	 154 	 157 	 1
133 	 408 	 -238.186 	 -506.346 	 2169.24 	 159 	 154 	 158 	 1
153 	 388 	 -298.958 	 -442.699 	 2160.87 	 166 	 156 	 157 	 1
132 	 402 	 -258.771 	 -513.423 	 2186.19 	 159 	 155 	 156 	 1
149 	 387 	 -306.181 	 -461.271 	 2190.47 	 165 	 157 	 159 	 1
147 	 384 	 -316.18 	 -468.441 	 2194.76 	 156 	 151 	 155 	 1
186 	 399 	 -260.502 	 -335.085 	 2123.96 	 167 	 155 	 158 	 1
163 	 364 	 -384.112 	 -424.135 	 2225.31 	 210 	 157 	 161 	 1
176 	 360 	 -399.199 	 -385.136 	 2238.66 	 176 	 161 	 162 	 1
160 	 358 	 -403.171 	 -433.665 	 2225.31 	 255 	 255 	 255 	 1
173 	 341 	 -457.174 	 -392.369 	 2225.31 	 255 	 255 	 255 	 1
175 	 343 	 -451.718 	 -386.785 	 2229.74 	 203 	 192 	 157 	 1
187 	 333 	 -491.378 	 -354.235 	 2265.85 	 196 	 201 	 169 	 1
181 	 331 	 -491.873 	 -369.158 	 2238.66 	 255 	 255 	 255 	 1
188 	 329 	 -501.272 	 -348.882 	 2252.17 	 171 	 159 	 153 	 1
179 	 343 	 -452.62 	 -374.8 	 2234.19 	 222 	 223 	 184 	 1
174 	 337 	 -470.816 	 -389.968 	 2229.74 	 255 	 255 	 255 	 1
169 	 341 	 -461.764 	 -409.143 	 2247.65 	 255 	 255 	 255 	 1
172 	 340 	 -462.188 	 -397.125 	 2234.19 	 255 	 255 	 255 	 1
168 	 343 	 -454.434 	 -411.525 	 2243.14 	 255 	 255 	 255 	 1
189 	 320 	 -530.207 	 -345.667 	 2252.17 	 255 	 255 	 255 	 1
204 	 321 	 -532.347 	 -300.466 	 2275.06 	 180 	 164 	 164 	 1
194 	 327 	 -512.862 	 -332.942 	 2275.06 	 186 	 167 	 162 	 1
193 	 323 	 -523.723 	 -334.828 	 2265.85 	 169 	 156 	 150 	 1
192 	 316 	 -549.703 	 -340.128 	 2279.69 	 255 	 255 	 255 	 1
217 	 291 	 -632.346 	 -259.301 	 2284.34 	 176 	 178 	 149 	 1
213 	 312 	 -565.021 	 -272.901 	 2289.02 	 177 	 166 	 162 	 1
210 	 311 	 -567.129 	 -282.127 	 2284.34 	 178 	 168 	 165 	 1
201 	 312 	 -568.509 	 -314.038 	 2303.15 	 168 	 147 	 132 	 1
196 	 320 	 -538.881 	 -328.449 	 2289.02 	 173 	 158 	 154 	 1
197 	 310 	 -573.903 	 -326.517 	 2298.42 	 255 	 255 	 255 	 1
208 	 299 	 -601.35 	 -286.311 	 2265.85 	 255 	 255 	 248 	 1
249 	 261 	 -742.291 	 -157.525 	 2322.26 	 179 	 169 	 163 	 1
252 	 268 	 -716.115 	 -146.97 	 2312.66 	 187 	 183 	 180 	 1
237 	 265 	 -729.031 	 -197.305 	 2322.26 	 255 	 255 	 254 	 1
206 	 308 	 -592.634 	 -303.215 	 2346.6 	 163 	 152 	 147 	 1
250 	 264 	 -744.707 	 -156.812 	 2361.45 	 175 	 169 	 162 	 1
251 	 265 	 -739.775 	 -153.118 	 2356.48 	 172 	 169 	 163 	 1
258 	 255 	 -778.329 	 -130.395 	 2371.46 	 173 	 166 	 161 	 1
235 	 282 	 -688.387 	 -208.697 	 2376.49 	 182 	 168 	 165 	 1
236 	 274 	 -706.526 	 -202.723 	 2346.6 	 179 	 173 	 164 	 1
220 	 292 	 -650.32 	 -257.941 	 2361.45 	 169 	 163 	 156 	 1
267 	 240 	 -834.411 	 -100.567 	 2386.63 	 172 	 165 	 159 	 1
272 	 232 	 -861.666 	 -83.5328 	 2386.63 	 171 	 164 	 157 	 1
276 	 233 	 -861.935 	 -70.2047 	 2396.85 	 167 	 161 	 156 	 1
268 	 243 	 -836.678 	 -98.6324 	 2422.79 	 168 	 165 	 159 	 1
274 	 235 	 -860.62 	 -77.5458 	 2412.35 	 167 	 163 	 156 	 1
288 	 209 	 -958.416 	 -29.5906 	 2433.32 	 151 	 155 	 150 	 1
284 	 211 	 -943.267 	 -43.1098 	 2412.35 	 151 	 152 	 145 	 1
286 	 217 	 -930.628 	 -36.5376 	 2433.32 	 165 	 157 	 154 	 1
304 	 198 	 -998.796 	 26.0426 	 2438.62 	 155 	 151 	 148 	 1
296 	 207 	 -969.579 	 -1.81016 	 2443.95 	 155 	 154 	 151 	 1
293 	 206 	 -970.947 	 -12.2495 	 2438.62 	 157 	 155 	 154 	 1
299 	 192 	 -1015.26 	 8.59962 	 2428.04 	 163 	 160 	 158 	 1
270 	 225 	 -918.819 	 -93.7446 	 2476.39 	 233 	 232 	 208 	 1
309 	 194 	 -1030.68 	 44.2188 	 2481.88 	 155 	 161 	 157 	 1
313 	 181 	 -1081.54 	 58.6503 	 2492.94 	 159 	 148 	 147 	 1
312 	 185 	 -1069.69 	 55.2147 	 2498.5 	 152 	 152 	 147 	 1
318 	 182 	 -1092.58 	 77.4788 	 2526.7 	 154 	 155 	 152 	 1
5 	 254 	 -571.16 	 -721.047 	 1732.71 	 183 	 175 	 166 	 2
33 	 269 	 -549.366 	 -670.474 	 1782.37 	 196 	 182 	 172 	 2
32 	 276 	 -516.745 	 -654.265 	 1732.71 	 185 	 176 	 168 	 2
41 	 287 	 -498.803 	 -643.966 	 1765.5 	 188 	 179 	 173 	 2
28 	 264 	 -557.648 	 -677.799 	 1768.29 	 185 	 187 	 169 	 2
11 	 258 	 -561.266 	 -706.207 	 1732.71 	 184 	 176 	 168 	 2
24 	 268 	 -542.409 	 -681.436 	 1751.69 	 188 	 176 	 168 	 2
29 	 273 	 -531.571 	 -671.034 	 1757.19 	 188 	 179 	 166 	 2
18 	 248 	 -595.214 	 -699.724 	 1759.95 	 246 	 211 	 215 	 2
12 	 248 	 -590.571 	 -709.223 	 1746.22 	 236 	 244 	 202 	 2
15 	 252 	 -584.246 	 -706.151 	 1757.19 	 193 	 186 	 186 	 2
6 	 246 	 -595.557 	 -724.179 	 1746.22 	 193 	 183 	 164 	 2
8 	 244 	 -598.674 	 -716.956 	 1740.79 	 242 	 215 	 211 	 2
7 	 246 	 -594.629 	 -720.562 	 1743.5 	 183 	 186 	 166 	 2
9 	 225 	 -642.889 	 -711.154 	 1732.71 	 255 	 255 	 255 	 2
34 	 261 	 -567.912 	 -665.809 	 1776.71 	 255 	 238 	 243 	 2
62 	 284 	 -524.566 	 -612.288 	 1828.97 	 255 	 255 	 248 	 2
58 	 298 	 -474.071 	 -604.939 	 1776.71 	 187 	 177 	 166 	 2
60 	 296 	 -482.205 	 -603.7 	 1788.06 	 192 	 179 	 171 	 2
38 	 276 	 -535.822 	 -663.031 	 1796.68 	 194 	 182 	 170 	 2
40 	 277 	 -530.702 	 -654.749 	 1788.06 	 194 	 182 	 171 	 2
45 	 277 	 -531.551 	 -643.014 	 1790.93 	 230 	 191 	 189 	 2
56 	 277 	 -539.317 	 -623.876 	 1817.09 	 251 	 230 	 218 	 2
47 	 273 	 -542.645 	 -638.923 	 1793.8 	 212 	 238 	 203 	 2
49 	 267 	 -560.704 	 -636.863 	 1802.46 	 255 	 255 	 249 	 2
39 	 274 	 -538.359 	 -657.301 	 1788.06 	 198 	 185 	 171 	 2
51 	 275 	 -537.524 	 -628.68 	 1793.8 	 255 	 251 	 249 	 2
103 	 333 	 -399.903 	 -509.406 	 1844.03 	 178 	 169 	 165 	 2
91 	 327 	 -415.697 	 -540.994 	 1844.03 	 180 	 170 	 164 	 2
83 	 301 	 -485.738 	 -563.911 	 1850.13 	 251 	 237 	 233 	 2
82 	 299 	 -490.21 	 -565.617 	 1847.08 	 245 	 222 	 214 	 2
81 	 297 	 -496.302 	 -569.193 	 1850.13 	 247 	 229 	 210 	 2
89 	 320 	 -429.874 	 -540.912 	 1825.98 	 186 	 174 	 167 	 2
80 	 290 	 -514.789 	 -571.834 	 1850.13 	 255 	 255 	 255 	 2
69 	 288 	 -514.964 	 -594.985 	 1831.96 	 255 	 244 	 231 	 2
73 	 294 	 -504.225 	 -590.321 	 1850.13 	 255 	 255 	 254 	 2
76 	 295 	 -502.414 	 -583.362 	 1853.19 	 252 	 243 	 232 	 2
66 	 284 	 -527.15 	 -604.81 	 1837.98 	 250 	 233 	 210 	 2
98 	 327 	 -419.149 	 -526.908 	 1859.35 	 185 	 170 	 167 	 2
118 	 350 	 -361.708 	 -478.594 	 1878.07 	 176 	 165 	 163 	 2
116 	 350 	 -361.708 	 -483.956 	 1878.07 	 175 	 163 	 167 	 2
111 	 346 	 -369.949 	 -494.045 	 1865.55 	 177 	 164 	 165 	 2
131 	 352 	 -359.361 	 -447.496 	 1893.96 	 176 	 171 	 160 	 2
96 	 312 	 -466.715 	 -541.207 	 1890.76 	 249 	 232 	 226 	 2
123 	 338 	 -401.285 	 -473.937 	 1913.38 	 255 	 255 	 255 	 2
129 	 347 	 -375.42 	 -455.99 	 1906.86 	 225 	 232 	 213 	 2
120 	 346 	 -378.787 	 -481.308 	 1910.12 	 179 	 169 	 164 	 2
114 	 341 	 -392.42 	 -497.668 	 1910.12 	 178 	 169 	 164 	 2
124 	 348 	 -373.334 	 -470.401 	 1910.12 	 178 	 168 	 166 	 2
12 	 953 	 1359.84 	 -826.567 	 2035.14 	 157 	 160 	 154 	 3
36 	 921 	 1297.54 	 -775.166 	 2084.41 	 161 	 164 	 160 	 3
29 	 917 	 1285.64 	 -795.994 	 2084.41 	 167 	 171 	 170 	 3
25 	 935 	 1341.7 	 -809.403 	 2088.3 	 159 	 161 	 158 	 3
18 	 932 	 1318 	 -821.079 	 2065.18 	 173 	 176 	 178 	 3
15 	 946 	 1359.27 	 -829.923 	 2065.18 	 157 	 162 	 155 	 3
24 	 925 	 1302.17 	 -806.366 	 2072.83 	 170 	 169 	 171 	 3
19 	 942 	 1354.98 	 -822.685 	 2076.68 	 161 	 160 	 158 	 3
32 	 910 	 1269.54 	 -790.01 	 2092.2 	 176 	 178 	 179 	 3
30 	 921 	 1299.96 	 -794.498 	 2088.3 	 154 	 163 	 156 	 3
31 	 921 	 1299.96 	 -791.517 	 2088.3 	 157 	 163 	 159 	 3
62 	 877 	 1186.51 	 -709.698 	 2119.94 	 162 	 164 	 160 	 3
56 	 882 	 1185.92 	 -718.332 	 2092.2 	 153 	 161 	 155 	 3
60 	 879 	 1190.31 	 -714.397 	 2115.93 	 160 	 165 	 159 	 3
41 	 898 	 1229.11 	 -760.288 	 2084.41 	 175 	 176 	 178 	 3
42 	 904 	 1246.96 	 -757.313 	 2084.41 	 161 	 163 	 160 	 3
37 	 905 	 1249.94 	 -772.19 	 2084.41 	 165 	 164 	 167 	 3
51 	 903 	 1253.32 	 -736.016 	 2100.05 	 176 	 181 	 180 	 3
43 	 910 	 1267.17 	 -755.745 	 2088.3 	 156 	 164 	 158 	 3
74 	 860 	 1156.98 	 -686.383 	 2160.87 	 160 	 164 	 160 	 3
76 	 859 	 1156.12 	 -681.53 	 2165.05 	 159 	 163 	 161 	 3
70 	 862 	 1156.45 	 -694.698 	 2148.42 	 159 	 164 	 156 	 3
66 	 866 	 1162.02 	 -702.918 	 2136.12 	 147 	 153 	 156 	 3
91 	 845 	 1108.57 	 -632.723 	 2156.7 	 173 	 189 	 185 	 3
86 	 843 	 1104.54 	 -649.368 	 2160.87 	 160 	 164 	 160 	 3
103 	 824 	 1060.26 	 -605.107 	 2190.47 	 163 	 167 	 166 	 3
98 	 833 	 1075.77 	 -613.537 	 2165.05 	 171 	 183 	 176 	 3
96 	 832 	 1085.27 	 -626.995 	 2190.47 	 159 	 165 	 163 	 3
83 	 849 	 1129.59 	 -662.458 	 2173.45 	 155 	 167 	 159 	 3
93 	 827 	 1067.55 	 -635.132 	 2186.19 	 153 	 158 	 159 	 3
101 	 819 	 1050.79 	 -614.971 	 2203.4 	 160 	 164 	 163 	 3
106 	 807 	 1013.05 	 -599.244 	 2203.4 	 158 	 163 	 165 	 3
114 	 811 	 1023.62 	 -572.954 	 2199.07 	 178 	 187 	 185 	 3
124 	 796 	 955.87 	 -530.106 	 2152.56 	 175 	 179 	 183 	 3
120 	 794 	 981.823 	 -560.729 	 2225.31 	 160 	 163 	 162 	 3
116 	 799 	 987.886 	 -567.791 	 2203.4 	 160 	 166 	 161 	 3
112 	 803 	 1008.41 	 -584.978 	 2220.89 	 160 	 164 	 161 	 3
108 	 805 	 1014.75 	 -597.659 	 2220.89 	 154 	 155 	 159 	 3
137 	 776 	 928.336 	 -508.749 	 2234.19 	 172 	 181 	 178 	 3
138 	 766 	 882.353 	 -497.614 	 2199.07 	 158 	 163 	 160 	 3
131 	 777 	 931.525 	 -527.885 	 2234.19 	 159 	 162 	 161 	 3
143 	 764 	 888.291 	 -488.638 	 2229.74 	 160 	 164 	 163 	 3
151 	 756 	 866.279 	 -465.028 	 2238.66 	 171 	 183 	 179 	 3
148 	 745 	 836.144 	 -477.48 	 2252.17 	 166 	 169 	 170 	 3
141 	 758 	 872.671 	 -496.984 	 2238.66 	 156 	 157 	 157 	 3
142 	 761 	 887.583 	 -496.769 	 2252.17 	 156 	 163 	 160 	 3
139 	 759 	 875.866 	 -503.376 	 2238.66 	 163 	 159 	 161 	 3
146 	 750 	 852.219 	 -483.909 	 2252.17 	 151 	 156 	 159 	 3
123 	 784 	 977.257 	 -566.98 	 2289.02 	 153 	 161 	 155 	 3
154 	 748 	 850.925 	 -460.972 	 2265.85 	 158 	 164 	 161 	 3
155 	 738 	 802.339 	 -448.656 	 2220.89 	 155 	 162 	 158 	 3
159 	 729 	 791.072 	 -445.702 	 2270.44 	 164 	 160 	 173 	 3
162 	 732 	 802.422 	 -436.865 	 2275.06 	 157 	 161 	 161 	 3
179 	 715 	 747.213 	 -381.656 	 2275.06 	 158 	 178 	 176 	 3
182 	 697 	 688.756 	 -371.913 	 2275.06 	 144 	 148 	 149 	 3
175 	 711 	 744.819 	 -400.342 	 2307.89 	 154 	 162 	 160 	 3
199 	 676 	 632.119 	 -322.605 	 2317.45 	 158 	 162 	 161 	 3
202 	 680 	 628.437 	 -304.485 	 2256.71 	 167 	 170 	 171 	 3
205 	 665 	 594.499 	 -302.131 	 2312.66 	 159 	 158 	 157 	 3
203 	 664 	 591.198 	 -308.733 	 2312.66 	 164 	 166 	 171 	 3
211 	 664 	 572.279 	 -273.289 	 2238.66 	 163 	 161 	 161 	 3
228 	 629 	 480.617 	 -228.562 	 2336.8 	 160 	 157 	 167 	 3
222 	 641 	 526.138 	 -251.199 	 2361.45 	 159 	 164 	 160 	 3
229 	 633 	 497.073 	 -226.646 	 2351.53 	 160 	 162 	 163 	 3
215 	 655 	 569.726 	 -273.067 	 2346.6 	 159 	 162 	 161 	 3
238 	 707 	 706.865 	 -186.261 	 2229.74 	 181 	 185 	 187 	 3
204 	 705 	 689.511 	 -289.861 	 2194.76 	 173 	 180 	 188 	 3
244 	 619 	 447.26 	 -175.19 	 2336.8 	 178 	 178 	 177 	 3
256 	 601 	 392.959 	 -137.165 	 2371.46 	 176 	 178 	 177 	 3
230 	 628 	 484.36 	 -225.181 	 2371.46 	 156 	 159 	 159 	 3
231 	 625 	 475.211 	 -222.267 	 2376.49 	 158 	 158 	 163 	 3
218 	 651 	 562.22 	 -265.804 	 2371.46 	 158 	 163 	 161 	 3
262 	 732 	 786.438 	 -109.871 	 2229.74 	 170 	 169 	 169 	 3
266 	 737 	 799.168 	 -96.7537 	 2220.89 	 172 	 171 	 169 	 3
251 	 731 	 780.147 	 -144.308 	 2220.89 	 185 	 189 	 189 	 3
249 	 724 	 756.454 	 -150.35 	 2216.49 	 167 	 168 	 167 	 3
257 	 731 	 775.53 	 -124.545 	 2207.75 	 167 	 171 	 168 	 3
250 	 729 	 770.748 	 -146.895 	 2212.11 	 178 	 179 	 178 	 3
243 	 717 	 729.969 	 -168.334 	 2203.4 	 169 	 167 	 165 	 3
242 	 719 	 729.084 	 -169.808 	 2181.93 	 169 	 167 	 166 	 3
241 	 714 	 717.708 	 -173.94 	 2194.76 	 168 	 163 	 173 	 3
248 	 722 	 750.126 	 -153.514 	 2216.49 	 166 	 170 	 167 	 3
265 	 730 	 789.508 	 -101.536 	 2256.71 	 166 	 170 	 171 	 3
236 	 713 	 711.783 	 -188.865 	 2186.19 	 166 	 166 	 167 	 3
239 	 712 	 712.839 	 -180.56 	 2199.07 	 163 	 173 	 175 	 3
240 	 712 	 712.839 	 -177.421 	 2199.07 	 172 	 181 	 185 	 3
224 	 704 	 675.777 	 -223.692 	 2160.87 	 160 	 166 	 165 	 3
226 	 708 	 684.153 	 -216.27 	 2148.42 	 162 	 167 	 165 	 3
221 	 706 	 680.633 	 -232.497 	 2156.7 	 163 	 166 	 164 	 3
214 	 702 	 661.941 	 -251.624 	 2136.12 	 163 	 164 	 165 	 3
210 	 704 	 668.039 	 -263.821 	 2136.12 	 172 	 173 	 170 	 3
217 	 707 	 679.782 	 -243.405 	 2144.31 	 162 	 167 	 166 	 3
245 	 608 	 423.839 	 -177.41 	 2412.35 	 162 	 163 	 163 	 3
246 	 607 	 423.131 	 -175.098 	 2428.04 	 161 	 164 	 163 	 3
280 	 563 	 262.651 	 -55.5669 	 2356.48 	 162 	 163 	 164 	 3
279 	 746 	 844.456 	 -56.6642 	 2265.85 	 177 	 174 	 173 	 3
302 	 760 	 895.175 	 17.8369 	 2279.69 	 181 	 178 	 177 	 3
267 	 742 	 843.47 	 -96.8501 	 2298.42 	 180 	 180 	 190 	 3
208 	 690 	 625.349 	 -269.919 	 2136.12 	 171 	 178 	 182 	 3
206 	 694 	 635.122 	 -274.968 	 2128 	 164 	 165 	 164 	 3
183 	 676 	 574.978 	 -341.588 	 2107.96 	 152 	 166 	 170 	 3
173 	 680 	 583.717 	 -369.591 	 2096.12 	 164 	 167 	 164 	 3
174 	 679 	 580.725 	 -366.599 	 2096.12 	 161 	 162 	 160 	 3
247 	 609 	 432.88 	 -172.757 	 2443.95 	 160 	 162 	 163 	 3
269 	 575 	 314.952 	 -96.2152 	 2449.3 	 163 	 163 	 165 	 3
260 	 582 	 339.426 	 -127.682 	 2449.3 	 155 	 158 	 167 	 3
255 	 595 	 382.369 	 -144.217 	 2433.32 	 162 	 163 	 164 	 3
261 	 588 	 360.404 	 -124.186 	 2449.3 	 166 	 164 	 164 	 3
237 	 628 	 501.355 	 -208.554 	 2454.67 	 167 	 169 	 171 	 3
264 	 578 	 329.041 	 -114.955 	 2476.39 	 163 	 159 	 160 	 3
275 	 570 	 299.436 	 -75.7344 	 2465.48 	 165 	 162 	 165 	 3
277 	 565 	 280.603 	 -68.3942 	 2454.67 	 165 	 161 	 164 	 3
338 	 536 	 171.466 	 139.243 	 2351.53 	 167 	 161 	 165 	 3
282 	 564 	 262.151 	 -48.1299 	 2322.26 	 169 	 154 	 171 	 3
304 	 758 	 901.519 	 24.6974 	 2312.66 	 179 	 177 	 179 	 3
293 	 747 	 866.996 	 -11.6409 	 2317.45 	 171 	 172 	 178 	 3
296 	 747 	 863.421 	 -1.70939 	 2307.89 	 188 	 185 	 191 	 3
297 	 756 	 894.917 	 1.58837 	 2312.66 	 175 	 178 	 176 	 3
310 	 764 	 930.944 	 44.9698 	 2336.8 	 177 	 180 	 179 	 3
288 	 746 	 870.901 	 -28.4168 	 2336.8 	 174 	 175 	 173 	 3
306 	 752 	 892.779 	 31.6929 	 2341.69 	 186 	 191 	 197 	 3
172 	 679 	 578.558 	 -371.193 	 2088.3 	 163 	 165 	 165 	 3
178 	 681 	 582.347 	 -351.994 	 2080.54 	 160 	 163 	 160 	 3
157 	 657 	 511.068 	 -414.362 	 2080.54 	 170 	 169 	 179 	 3
169 	 674 	 556.386 	 -375.236 	 2061.38 	 158 	 162 	 160 	 3
167 	 672 	 548.481 	 -379.722 	 2053.81 	 160 	 164 	 159 	 3
161 	 665 	 530.881 	 -399.512 	 2065.18 	 158 	 161 	 162 	 3
165 	 669 	 540.678 	 -386.295 	 2057.59 	 159 	 162 	 159 	 3
156 	 666 	 531.866 	 -412.729 	 2057.59 	 157 	 161 	 162 	 3
166 	 671 	 547.559 	 -384.063 	 2061.38 	 159 	 164 	 159 	 3
170 	 670 	 547.642 	 -374.361 	 2072.83 	 158 	 162 	 160 	 3
168 	 675 	 555.239 	 -375.413 	 2046.3 	 162 	 162 	 161 	 3
145 	 651 	 487.809 	 -445.038 	 2057.59 	 171 	 174 	 179 	 3
273 	 571 	 304.971 	 -83.3239 	 2481.88 	 160 	 162 	 165 	 3
287 	 543 	 205.771 	 -33.7239 	 2481.88 	 153 	 153 	 159 	 3
290 	 549 	 226.026 	 -22.9934 	 2470.92 	 163 	 164 	 165 	 3
285 	 552 	 236.607 	 -40.6295 	 2470.92 	 160 	 161 	 163 	 3
271 	 570 	 303.446 	 -91.015 	 2498.5 	 162 	 160 	 164 	 3
361 	 556 	 242.163 	 219.679 	 2386.63 	 168 	 165 	 165 	 3
347 	 540 	 182.971 	 167.692 	 2327.09 	 167 	 161 	 166 	 3
352 	 554 	 234.35 	 188.215 	 2376.49 	 184 	 182 	 187 	 3
355 	 548 	 215.367 	 199.664 	 2391.73 	 167 	 164 	 165 	 3
339 	 532 	 158.039 	 142.6 	 2351.53 	 169 	 159 	 163 	 3
344 	 531 	 156.991 	 161.762 	 2386.63 	 176 	 181 	 185 	 3
335 	 535 	 167.056 	 128.364 	 2336.8 	 166 	 160 	 165 	 3
316 	 763 	 935.42 	 65.5315 	 2356.48 	 182 	 178 	 176 	 3
327 	 765 	 948.136 	 103.186 	 2371.46 	 192 	 196 	 196 	 3
329 	 775 	 990.381 	 110.896 	 2391.73 	 183 	 182 	 179 	 3
325 	 768 	 958.291 	 96.4151 	 2371.46 	 174 	 175 	 174 	 3
319 	 761 	 944.601 	 76.9185 	 2396.85 	 192 	 195 	 195 	 3
150 	 663 	 515.474 	 -424.115 	 2027.77 	 159 	 160 	 163 	 3
140 	 662 	 510.729 	 -451.426 	 2020.45 	 175 	 180 	 180 	 3
152 	 665 	 517.513 	 -415.317 	 2013.18 	 154 	 163 	 161 	 3
299 	 536 	 183.824 	 8.92888 	 2521.01 	 166 	 166 	 167 	 3
292 	 536 	 183.411 	 -16.2255 	 2515.35 	 155 	 155 	 160 	 3
308 	 519 	 122.923 	 41.4105 	 2526.7 	 169 	 159 	 163 	 3
301 	 524 	 140.957 	 16.1627 	 2526.7 	 162 	 159 	 161 	 3
376 	 561 	 263.124 	 274.885 	 2422.79 	 181 	 175 	 182 	 3
358 	 543 	 200.006 	 211.716 	 2412.35 	 183 	 178 	 184 	 3
364 	 549 	 223.071 	 234.909 	 2438.62 	 183 	 180 	 188 	 3
330 	 493 	 28.068 	 116.298 	 2433.32 	 181 	 174 	 176 	 3
349 	 783 	 1022.06 	 179.948 	 2401.99 	 178 	 180 	 183 	 3
332 	 766 	 967.926 	 122.183 	 2412.35 	 193 	 193 	 196 	 3
351 	 787 	 1042.49 	 188.016 	 2417.56 	 190 	 185 	 184 	 3
345 	 792 	 1062.04 	 167.672 	 2422.79 	 197 	 197 	 200 	 3
366 	 800 	 1094.44 	 241.345 	 2433.32 	 190 	 187 	 184 	 3
356 	 790 	 1055.12 	 205.715 	 2422.79 	 189 	 186 	 184 	 3
359 	 791 	 1065.5 	 217.503 	 2438.62 	 190 	 187 	 180 	 3
342 	 787 	 1053.87 	 158.67 	 2443.95 	 182 	 189 	 184 	 3
348 	 794 	 1071.27 	 178.434 	 2428.04 	 202 	 200 	 197 	 3
326 	 486 	 3.92388 	 107.058 	 2543.93 	 157 	 155 	 162 	 3
317 	 500 	 54.516 	 74.0391 	 2532.42 	 162 	 154 	 159 	 3
303 	 519 	 123.761 	 23.5357 	 2543.93 	 158 	 149 	 159 	 3
324 	 486 	 3.89731 	 99.1198 	 2526.7 	 179 	 173 	 179 	 3
295 	 533 	 174.999 	 -5.5282 	 2549.72 	 162 	 161 	 162 	 3
328 	 489 	 14.9541 	 115.37 	 2567.27 	 169 	 158 	 162 	 3
333 	 483 	 -7.01824 	 133.388 	 2561.39 	 165 	 158 	 164 	 3
381 	 575 	 314.952 	 295.375 	 2449.3 	 178 	 174 	 176 	 3
388 	 577 	 322.651 	 320.55 	 2454.67 	 173 	 167 	 172 	 3
391 	 585 	 353.786 	 333.992 	 2476.39 	 195 	 185 	 193 	 3
368 	 804 	 1120.52 	 251.021 	 2460.06 	 202 	 199 	 197 	 3
382 	 813 	 1164.92 	 303.52 	 2487.4 	 207 	 203 	 203 	 3
341 	 470 	 -54.9279 	 163.763 	 2579.1 	 165 	 158 	 160 	 3
340 	 478 	 -25.6522 	 161.196 	 2597.05 	 178 	 175 	 178 	 3
336 	 480 	 -18.1116 	 145.355 	 2579.1 	 167 	 158 	 161 	 3
320 	 498 	 48.6056 	 87.253 	 2603.09 	 171 	 159 	 163 	 3
345 	 460 	 -93.0303 	 180.992 	 2615.25 	 162 	 160 	 159 	 3
351 	 454 	 -114.893 	 202.445 	 2603.09 	 160 	 160 	 159 	 3
397 	 585 	 354.571 	 355.99 	 2481.88 	 178 	 167 	 174 	 3
407 	 596 	 396.177 	 394.039 	 2498.5 	 182 	 171 	 178 	 3
394 	 578 	 330.503 	 346.129 	 2487.4 	 178 	 166 	 174 	 3
374 	 555 	 249.948 	 276.342 	 2498.5 	 185 	 181 	 186 	 3
379 	 563 	 278.48 	 294.175 	 2498.5 	 184 	 182 	 185 	 3
427 	 613 	 458.858 	 467.458 	 2509.71 	 192 	 179 	 184 	 3
406 	 585 	 359.351 	 393.105 	 2515.35 	 198 	 182 	 196 	 3
399 	 579 	 340.1 	 370.468 	 2532.42 	 196 	 186 	 196 	 3
392 	 572 	 313.377 	 343.609 	 2521.01 	 188 	 184 	 195 	 3
384 	 816 	 1183.47 	 312.706 	 2504.09 	 211 	 205 	 206 	 3
377 	 810 	 1159.42 	 287.042 	 2498.5 	 204 	 202 	 202 	 3
396 	 817 	 1189.7 	 356.398 	 2509.71 	 198 	 198 	 195 	 3
380 	 802 	 1135.96 	 299.077 	 2509.71 	 197 	 198 	 198 	 3
408 	 825 	 1232.18 	 403.917 	 2538.16 	 203 	 200 	 197 	 3
405 	 825 	 1232.18 	 393.048 	 2538.16 	 201 	 199 	 197 	 3
398 	 810 	 1177.83 	 367.685 	 2538.16 	 206 	 207 	 207 	 3
393 	 807 	 1159.07 	 347.207 	 2521.01 	 204 	 201 	 203 	 3
386 	 815 	 1198.66 	 324.944 	 2543.93 	 203 	 201 	 201 	 3
362 	 440 	 -168.088 	 245.029 	 2621.38 	 159 	 159 	 156 	 3
356 	 443 	 -156.862 	 222.577 	 2621.38 	 162 	 152 	 157 	 3
353 	 455 	 -111.958 	 211.351 	 2621.38 	 161 	 159 	 157 	 3
348 	 457 	 -105.712 	 194.924 	 2652.44 	 165 	 159 	 162 	 3
372 	 428 	 -214.499 	 284.448 	 2639.93 	 158 	 159 	 158 	 3
366 	 432 	 -201.324 	 264.33 	 2665.07 	 158 	 159 	 158 	 3
368 	 430 	 -206.962 	 269.374 	 2639.93 	 160 	 158 	 157 	 3
417 	 606 	 441.702 	 439.516 	 2555.54 	 197 	 183 	 192 	 3
411 	 589 	 378.821 	 416.676 	 2549.72 	 198 	 188 	 196 	 3
413 	 595 	 400.66 	 423.956 	 2549.72 	 183 	 172 	 178 	 3
415 	 599 	 416.166 	 432.22 	 2555.54 	 184 	 173 	 178 	 3
420 	 601 	 422.498 	 449.434 	 2549.72 	 189 	 173 	 180 	 3
431 	 612 	 461.483 	 488.358 	 2543.93 	 192 	 180 	 184 	 3
409 	 588 	 375.182 	 409.397 	 2549.72 	 188 	 187 	 197 	 3
441 	 625 	 509.85 	 525.867 	 2549.72 	 199 	 186 	 190 	 3
426 	 608 	 450.026 	 473.429 	 2561.39 	 191 	 176 	 182 	 3
403 	 828 	 1251.56 	 388.444 	 2555.54 	 209 	 209 	 209 	 3
389 	 817 	 1211.43 	 337.372 	 2555.54 	 192 	 200 	 197 	 3
404 	 822 	 1226.87 	 391.199 	 2549.72 	 200 	 198 	 197 	 3
416 	 830 	 1261.74 	 436.865 	 2561.39 	 201 	 202 	 200 	 3
402 	 829 	 1258.08 	 385.676 	 2561.39 	 211 	 207 	 208 	 3
432 	 842 	 1314.64 	 498.791 	 2579.1 	 205 	 200 	 200 	 3
430 	 840 	 1313.33 	 493.703 	 2591.04 	 201 	 201 	 200 	 3
337 	 784 	 1096.05 	 148.353 	 2567.27 	 189 	 185 	 184 	 3
382 	 408 	 -290.553 	 322.894 	 2646.17 	 160 	 156 	 156 	 3
384 	 407 	 -298.565 	 335.203 	 2684.24 	 158 	 158 	 156 	 3
403 	 384 	 -383.933 	 405.091 	 2665.07 	 158 	 161 	 158 	 3
396 	 390 	 -360.249 	 377.562 	 2658.74 	 159 	 157 	 157 	 3
377 	 413 	 -278.919 	 312.124 	 2716.82 	 161 	 156 	 155 	 3
389 	 400 	 -326.956 	 356.069 	 2697.18 	 157 	 157 	 156 	 3
386 	 403 	 -316.167 	 345.351 	 2703.69 	 158 	 158 	 156 	 3
433 	 611 	 469.592 	 508.329 	 2609.16 	 195 	 181 	 184 	 3
423 	 613 	 477.041 	 471.084 	 2609.16 	 202 	 194 	 199 	 3
472 	 645 	 583.975 	 640.156 	 2555.54 	 211 	 197 	 198 	 3
471 	 651 	 601.741 	 632.178 	 2538.16 	 218 	 201 	 203 	 3
476 	 637 	 557.336 	 657.752 	 2567.27 	 255 	 255 	 255 	 3
486 	 657 	 632.08 	 695.995 	 2573.17 	 212 	 197 	 198 	 3
475 	 655 	 626.173 	 657.101 	 2579.1 	 223 	 205 	 209 	 3
435 	 842 	 1323.79 	 513.385 	 2597.05 	 203 	 202 	 199 	 3
418 	 836 	 1307.61 	 452.461 	 2609.16 	 205 	 206 	 205 	 3
424 	 831 	 1283.01 	 472.605 	 2597.05 	 198 	 191 	 196 	 3
442 	 840 	 1341.27 	 549.536 	 2646.17 	 218 	 211 	 214 	 3
445 	 847 	 1367.71 	 560.868 	 2646.17 	 208 	 202 	 200 	 3
309 	 828 	 1266.01 	 46.057 	 2585.05 	 189 	 189 	 185 	 3
307 	 830 	 1279.3 	 38.8562 	 2597.05 	 187 	 190 	 187 	 3
314 	 817 	 1231.11 	 64.807 	 2597.05 	 179 	 188 	 181 	 3
334 	 787 	 1130.38 	 140.254 	 2621.38 	 185 	 186 	 186 	 3
328 	 801 	 1177.25 	 117.253 	 2609.16 	 187 	 190 	 187 	 3
326 	 800 	 1176.27 	 110.06 	 2615.25 	 187 	 187 	 187 	 3
331 	 785 	 1120.27 	 128.726 	 2615.25 	 151 	 141 	 154 	 3
324 	 804 	 1188.43 	 102.355 	 2609.16 	 184 	 187 	 187 	 3
321 	 813 	 1194.11 	 89.1039 	 2549.72 	 192 	 191 	 189 	 3
402 	 382 	 -397.216 	 407.103 	 2703.69 	 155 	 159 	 158 	 3
405 	 380 	 -406.901 	 420.714 	 2716.82 	 155 	 158 	 156 	 3
404 	 380 	 -407.891 	 417.85 	 2723.43 	 157 	 158 	 156 	 3
424 	 354 	 -493.365 	 480.407 	 2639.93 	 162 	 163 	 161 	 3
480 	 650 	 613.419 	 681.793 	 2603.09 	 210 	 200 	 198 	 3
460 	 630 	 542.889 	 611.743 	 2621.38 	 215 	 224 	 216 	 3
464 	 630 	 544.163 	 628.183 	 2627.53 	 255 	 255 	 255 	 3
450 	 636 	 572.039 	 581.128 	 2652.44 	 220 	 201 	 209 	 3
448 	 632 	 549.087 	 565.515 	 2615.25 	 208 	 193 	 197 	 3
449 	 633 	 554.115 	 570.582 	 2621.38 	 211 	 194 	 198 	 3
454 	 636 	 568.001 	 592.065 	 2633.71 	 207 	 191 	 196 	 3
428 	 616 	 492.809 	 494.315 	 2633.71 	 201 	 189 	 196 	 3
438 	 624 	 521.659 	 530.663 	 2627.53 	 207 	 193 	 196 	 3
467 	 638 	 572.825 	 637.937 	 2621.38 	 219 	 217 	 208 	 3
479 	 658 	 643.146 	 678.077 	 2603.09 	 219 	 203 	 205 	 3
507 	 670 	 694.194 	 789.466 	 2627.53 	 229 	 222 	 217 	 3
444 	 843 	 1355.81 	 558.411 	 2652.44 	 200 	 203 	 195 	 3
466 	 863 	 1424.78 	 638.683 	 2639.93 	 204 	 203 	 202 	 3
443 	 844 	 1359.59 	 554.624 	 2652.44 	 197 	 195 	 189 	 3
425 	 841 	 1351.44 	 487.626 	 2658.74 	 201 	 202 	 206 	 3
437 	 861 	 1447.98 	 540.878 	 2697.18 	 217 	 216 	 217 	 3
447 	 791 	 1172.81 	 576.601 	 2684.24 	 215 	 203 	 208 	 3
446 	 838 	 1349.67 	 571.399 	 2677.82 	 212 	 210 	 214 	 3
451 	 787 	 1151.96 	 589.103 	 2671.43 	 219 	 204 	 209 	 3
489 	 880 	 1488.84 	 725.357 	 2639.93 	 202 	 198 	 194 	 3
483 	 872 	 1458.7 	 702.746 	 2639.93 	 204 	 198 	 193 	 3
477 	 862 	 1424.37 	 681.744 	 2646.17 	 215 	 215 	 214 	 3
476 	 874 	 1466.23 	 676.367 	 2639.93 	 213 	 211 	 208 	 3
482 	 876 	 1463.42 	 694.067 	 2621.38 	 205 	 200 	 198 	 3
452 	 848 	 1397.93 	 598.631 	 2697.18 	 190 	 185 	 193 	 3
494 	 881 	 1499.69 	 747.726 	 2652.44 	 199 	 197 	 195 	 3
490 	 876 	 1491.36 	 737.826 	 2671.43 	 200 	 196 	 192 	 3
315 	 811 	 1223.05 	 69.3184 	 2627.53 	 165 	 168 	 176 	 3
318 	 806 	 1207.13 	 80.7603 	 2633.71 	 170 	 159 	 176 	 3
313 	 823 	 1262.14 	 61.528 	 2615.25 	 185 	 187 	 187 	 3
322 	 799 	 1180.81 	 95.7987 	 2633.71 	 167 	 164 	 177 	 3
294 	 857 	 1351.18 	 -9.14706 	 2543.93 	 188 	 194 	 189 	 3
291 	 850 	 1322.76 	 -19.9959 	 2538.16 	 189 	 192 	 196 	 3
300 	 838 	 1290.99 	 12.7283 	 2561.39 	 171 	 174 	 176 	 3
284 	 864 	 1382.89 	 -45.6689 	 2555.54 	 181 	 177 	 181 	 3
286 	 860 	 1365.18 	 -38.2855 	 2549.72 	 177 	 172 	 183 	 3
350 	 755 	 1027.48 	 203.461 	 2665.07 	 172 	 157 	 163 	 3
343 	 762 	 1051.61 	 176.41 	 2658.74 	 191 	 193 	 196 	 3
346 	 766 	 1061.74 	 186.908 	 2646.17 	 184 	 183 	 182 	 3
305 	 840 	 1274.96 	 30.4525 	 2515.35 	 189 	 197 	 191 	 3
289 	 862 	 1360.07 	 -27.1193 	 2526.7 	 188 	 192 	 189 	 3
418 	 353 	 -516.628 	 475.749 	 2743.45 	 156 	 153 	 151 	 3
434 	 338 	 -576.786 	 539.732 	 2750.19 	 157 	 161 	 156 	 3
437 	 337 	 -580.712 	 551.51 	 2750.19 	 172 	 177 	 169 	 3
506 	 675 	 714.625 	 787.563 	 2633.71 	 209 	 195 	 193 	 3
508 	 672 	 706.672 	 798.842 	 2646.17 	 214 	 209 	 208 	 3
493 	 657 	 648.478 	 740.431 	 2639.93 	 250 	 246 	 235 	 3
489 	 651 	 625.868 	 725.357 	 2639.93 	 254 	 255 	 254 	 3
487 	 652 	 629.636 	 717.82 	 2639.93 	 239 	 245 	 230 	 3
461 	 646 	 623.193 	 636.349 	 2710.24 	 219 	 205 	 209 	 3
498 	 676 	 725.21 	 764.684 	 2658.74 	 220 	 206 	 211 	 3
456 	 630 	 557.244 	 612.556 	 2690.69 	 208 	 191 	 198 	 3
517 	 684 	 759.179 	 840.789 	 2671.43 	 204 	 192 	 192 	 3
511 	 682 	 746.21 	 812.094 	 2652.44 	 205 	 192 	 193 	 3
523 	 687 	 768.785 	 861.613 	 2665.07 	 203 	 191 	 192 	 3
510 	 676 	 725.21 	 810.228 	 2658.74 	 205 	 194 	 193 	 3
519 	 681 	 749.528 	 850.445 	 2677.82 	 205 	 211 	 208 	 3
548 	 645 	 606.116 	 952.188 	 2652.44 	 255 	 255 	 255 	 3
463 	 859 	 1443.76 	 642.531 	 2703.69 	 207 	 206 	 204 	 3
497 	 879 	 1502.8 	 764.52 	 2671.43 	 198 	 199 	 198 	 3
500 	 882 	 1521.5 	 779.682 	 2684.24 	 199 	 197 	 192 	 3
502 	 883 	 1529 	 789.238 	 2690.69 	 201 	 193 	 193 	 3
501 	 881 	 1521.32 	 785.397 	 2690.69 	 205 	 206 	 203 	 3
503 	 880 	 1524.81 	 796.911 	 2703.69 	 214 	 212 	 216 	 3
513 	 893 	 1574.98 	 835.505 	 2703.69 	 189 	 191 	 184 	 3
281 	 873 	 1402.91 	 -56.1006 	 2532.42 	 189 	 193 	 192 	 3
276 	 879 	 1434.33 	 -74.6824 	 2549.72 	 186 	 191 	 185 	 3
270 	 889 	 1450.9 	 -95.2192 	 2515.35 	 183 	 193 	 189 	 3
274 	 889 	 1441.18 	 -80.3153 	 2498.5 	 184 	 193 	 190 	 3
268 	 898 	 1479.89 	 -102.171 	 2509.71 	 192 	 193 	 192 	 3
375 	 722 	 915.008 	 302.897 	 2703.69 	 187 	 177 	 177 	 3
363 	 740 	 986.863 	 257.204 	 2710.24 	 187 	 178 	 180 	 3
367 	 727 	 932.055 	 271.365 	 2697.18 	 180 	 166 	 177 	 3
365 	 728 	 938.165 	 264.302 	 2703.69 	 186 	 184 	 191 	 3
369 	 726 	 930.446 	 279.74 	 2703.69 	 182 	 175 	 175 	 3
373 	 726 	 919.343 	 291.655 	 2671.43 	 185 	 182 	 180 	 3
360 	 743 	 986.526 	 242.66 	 2677.82 	 182 	 178 	 179 	 3
357 	 743 	 984.172 	 230.64 	 2671.43 	 170 	 164 	 174 	 3
371 	 724 	 918.291 	 286.077 	 2690.69 	 180 	 178 	 178 	 3
354 	 755 	 1034.87 	 220.251 	 2684.24 	 180 	 180 	 180 	 3
258 	 906 	 1501.82 	 -137.38 	 2498.5 	 182 	 180 	 189 	 3
448 	 322 	 -642.758 	 597.631 	 2763.77 	 172 	 174 	 173 	 3
432 	 337 	 -583.579 	 534.507 	 2763.77 	 156 	 157 	 155 	 3
441 	 316 	 -676.451 	 578.586 	 2805.33 	 166 	 171 	 171 	 3
429 	 333 	 -608.373 	 530.531 	 2805.33 	 168 	 173 	 174 	 3
468 	 294 	 -749.524 	 673.211 	 2750.19 	 172 	 172 	 171 	 3
496 	 659 	 670.242 	 768.039 	 2697.18 	 252 	 254 	 247 	 3
495 	 676 	 744.667 	 773.508 	 2730.07 	 219 	 207 	 211 	 3
492 	 672 	 730.861 	 763.68 	 2736.74 	 220 	 209 	 210 	 3
499 	 661 	 682.879 	 785.266 	 2716.82 	 255 	 254 	 253 	 3
410 	 666 	 707.421 	 443.333 	 2736.74 	 192 	 187 	 182 	 3
512 	 675 	 738.968 	 837.716 	 2723.43 	 209 	 211 	 212 	 3
522 	 693 	 805.028 	 872.348 	 2710.24 	 202 	 193 	 191 	 3
514 	 688 	 785.684 	 841.397 	 2710.24 	 218 	 202 	 205 	 3
530 	 690 	 797.282 	 907.694 	 2723.43 	 185 	 213 	 204 	 3
524 	 902 	 1617.53 	 882.222 	 2716.82 	 176 	 174 	 170 	 3
535 	 905 	 1629.16 	 924.882 	 2716.82 	 145 	 146 	 149 	 3
518 	 890 	 1594.21 	 871.646 	 2756.97 	 201 	 196 	 201 	 3
263 	 909 	 1502.45 	 -118.752 	 2481.88 	 191 	 201 	 198 	 3
259 	 911 	 1512.89 	 -133.219 	 2487.4 	 192 	 198 	 196 	 3
252 	 919 	 1544.73 	 -158.426 	 2492.94 	 187 	 196 	 191 	 3
253 	 923 	 1545.2 	 -153.5 	 2470.92 	 194 	 199 	 195 	 3
383 	 703 	 847.822 	 336.209 	 2723.43 	 181 	 173 	 174 	 3
378 	 713 	 884.546 	 316.002 	 2716.82 	 182 	 175 	 176 	 3
385 	 696 	 820.608 	 343.984 	 2723.43 	 182 	 172 	 186 	 3
387 	 701 	 835.979 	 350.056 	 2710.24 	 183 	 174 	 177 	 3
390 	 698 	 816.464 	 358.193 	 2684.24 	 186 	 179 	 176 	 3
456 	 298 	 -759.961 	 648.405 	 2848.16 	 156 	 156 	 150 	 3
449 	 310 	 -709.368 	 618.372 	 2840.94 	 155 	 159 	 156 	 3
450 	 312 	 -697.715 	 619.283 	 2826.59 	 156 	 159 	 152 	 3
460 	 291 	 -790.433 	 666.363 	 2855.43 	 154 	 156 	 154 	 3
526 	 685 	 787.424 	 903.131 	 2756.97 	 227 	 241 	 217 	 3
528 	 682 	 783.334 	 920.066 	 2784.4 	 243 	 234 	 207 	 3
395 	 682 	 775.617 	 387.576 	 2756.97 	 181 	 169 	 174 	 3
412 	 656 	 676.626 	 456.73 	 2770.62 	 184 	 174 	 177 	 3
400 	 674 	 744.133 	 407.253 	 2756.97 	 185 	 170 	 175 	 3
414 	 655 	 674.34 	 465.793 	 2777.49 	 188 	 173 	 177 	 3
528 	 908 	 1669.16 	 913.251 	 2763.77 	 176 	 177 	 174 	 3
520 	 890 	 1622.18 	 894.948 	 2805.33 	 204 	 199 	 201 	 3
235 	 944 	 1605.1 	 -215.091 	 2449.3 	 177 	 169 	 177 	 3
234 	 953 	 1643.76 	 -219.548 	 2460.06 	 199 	 199 	 200 	 3
473 	 272 	 -867.878 	 719.353 	 2855.43 	 155 	 154 	 153 	 3
486 	 263 	 -916.25 	 782.32 	 2892.32 	 159 	 163 	 156 	 3
533 	 692 	 825.134 	 942.284 	 2791.34 	 208 	 222 	 217 	 3
560 	 724 	 952.641 	 1049.87 	 2791.34 	 188 	 182 	 182 	 3
545 	 644 	 637.05 	 995.062 	 2805.33 	 255 	 255 	 255 	 3
421 	 642 	 630.622 	 499.747 	 2812.38 	 192 	 174 	 178 	 3
419 	 645 	 642.666 	 491.718 	 2812.38 	 189 	 175 	 177 	 3
540 	 917 	 1739.02 	 979.951 	 2819.47 	 134 	 138 	 138 	 3
538 	 918 	 1747.44 	 974.356 	 2826.59 	 140 	 140 	 135 	 3
496 	 947 	 1855.09 	 800.845 	 2812.38 	 204 	 200 	 202 	 3
532 	 897 	 1679.68 	 959.842 	 2855.43 	 182 	 182 	 183 	 3
507 	 234 	 -1022.77 	 857.94 	 2855.43 	 166 	 169 	 160 	 3
492 	 259 	 -906.985 	 784.786 	 2812.38 	 168 	 173 	 170 	 3
496 	 240 	 -1024.45 	 834.388 	 2930.18 	 153 	 155 	 146 	 3
480 	 266 	 -913.304 	 765.46 	 2922.53 	 156 	 155 	 150 	 3
487 	 253 	 -967.538 	 794.663 	 2922.53 	 152 	 155 	 148 	 3
510 	 215 	 -1108.7 	 876.879 	 2877.45 	 157 	 161 	 156 	 3
558 	 626 	 575.057 	 1065.82 	 2855.43 	 249 	 252 	 253 	 3
540 	 653 	 686.863 	 994.989 	 2862.73 	 255 	 255 	 255 	 3
429 	 628 	 583.209 	 540.005 	 2855.43 	 192 	 180 	 183 	 3
440 	 609 	 500.654 	 578.934 	 2826.59 	 200 	 187 	 189 	 3
519 	 937 	 1842.72 	 906.853 	 2855.43 	 160 	 160 	 163 	 3
526 	 943 	 1871.95 	 937.778 	 2862.73 	 140 	 139 	 139 	 3
493 	 947 	 1850.44 	 786.824 	 2805.33 	 206 	 206 	 204 	 3
508 	 935 	 1843.98 	 866.436 	 2870.07 	 193 	 193 	 193 	 3
523 	 192 	 -1197.02 	 925.518 	 2862.73 	 167 	 169 	 164 	 3
508 	 216 	 -1076.91 	 846.893 	 2805.33 	 161 	 167 	 162 	 3
499 	 232 	 -1066.28 	 853.64 	 2953.37 	 153 	 158 	 150 	 3
528 	 199 	 -1205.41 	 975.901 	 2953.37 	 150 	 150 	 143 	 3
522 	 206 	 -1182.13 	 955.649 	 2969.04 	 148 	 150 	 143 	 3
518 	 205 	 -1186.37 	 938.696 	 2969.04 	 150 	 155 	 150 	 3
513 	 213 	 -1149.42 	 915.077 	 2961.19 	 146 	 148 	 143 	 3
515 	 220 	 -1122.8 	 925.981 	 2969.04 	 151 	 156 	 150 	 3
544 	 184 	 -1248.88 	 1027.1 	 2907.35 	 162 	 166 	 161 	 3
531 	 185 	 -1235.1 	 965.619 	 2884.87 	 158 	 157 	 155 	 3
537 	 660 	 719.147 	 987.782 	 2877.45 	 255 	 255 	 255 	 3
445 	 596 	 458.624 	 613.042 	 2892.32 	 209 	 193 	 205 	 3
515 	 939 	 1884.52 	 906.74 	 2907.35 	 172 	 169 	 176 	 3
545 	 182 	 -1260.45 	 1033.93 	 2914.92 	 161 	 164 	 159 	 3
534 	 189 	 -1271.04 	 1020.04 	 3008.95 	 146 	 151 	 140 	 3
546 	 178 	 -1290.54 	 1049.02 	 2945.6 	 156 	 158 	 152 	 3
535 	 178 	 -1297.37 	 1008.07 	 2961.19 	 164 	 163 	 159 	 3
463 	 574 	 373.583 	 698.184 	 2937.87 	 213 	 216 	 221 	 3
458 	 583 	 411.327 	 677.215 	 2937.87 	 214 	 213 	 212 	 3
452 	 586 	 425.024 	 653.768 	 2945.6 	 193 	 193 	 202 	 3
523 	 934 	 1878.41 	 947.323 	 2930.18 	 147 	 144 	 146 	 3
536 	 897 	 1732.72 	 1006.97 	 2945.6 	 170 	 170 	 174 	 3
526 	 199 	 -1251.64 	 1004.58 	 3066.65 	 152 	 150 	 143 	 3
453 	 603 	 500.457 	 663.209 	 2969.04 	 255 	 255 	 255 	 3
466 	 574 	 375.555 	 714.516 	 2953.37 	 228 	 247 	 243 	 3
455 	 595 	 465.316 	 669.908 	 2961.19 	 252 	 255 	 251 	 3
473 	 571 	 368.745 	 755.995 	 3000.88 	 255 	 255 	 255 	 3
459 	 592 	 459.936 	 697.894 	 3008.95 	 255 	 255 	 255 	 3
16 	 564 	 216.365 	 -767.501 	 1916.66 	 150 	 163 	 161 	 4
64 	 603 	 322.517 	 -635.085 	 1913.38 	 152 	 157 	 157 	 4
59 	 594 	 299.986 	 -653.208 	 1926.56 	 152 	 168 	 175 	 4
54 	 593 	 294.197 	 -660.141 	 1906.86 	 157 	 164 	 170 	 4
53 	 598 	 304.18 	 -655.052 	 1884.39 	 153 	 157 	 157 	 4
52 	 604 	 321.946 	 -661.081 	 1893.96 	 169 	 164 	 163 	 4
57 	 597 	 304.05 	 -649.762 	 1900.39 	 151 	 156 	 156 	 4
44 	 588 	 276.815 	 -678.12 	 1881.22 	 148 	 154 	 156 	 4
35 	 582 	 258.961 	 -697.599 	 1868.66 	 149 	 153 	 153 	 4
49 	 598 	 302.652 	 -662.466 	 1874.92 	 151 	 157 	 157 	 4
26 	 578 	 247.878 	 -720.404 	 1865.55 	 149 	 155 	 155 	 4
21 	 581 	 255.017 	 -731.281 	 1859.35 	 150 	 155 	 154 	 4
47 	 602 	 314.94 	 -671.192 	 1884.39 	 167 	 175 	 175 	 4
119 	 635 	 412.741 	 -488.2 	 1926.56 	 157 	 163 	 171 	 4
104 	 633 	 401.029 	 -521.376 	 1897.17 	 150 	 160 	 157 	 4
99 	 628 	 388.146 	 -535.825 	 1900.39 	 152 	 160 	 159 	 4
95 	 627 	 389.4 	 -552.302 	 1919.95 	 156 	 159 	 157 	 4
90 	 622 	 370.611 	 -558.344 	 1893.96 	 152 	 159 	 156 	 4
85 	 616 	 356.197 	 -574.78 	 1903.62 	 154 	 159 	 157 	 4
97 	 622 	 375.053 	 -545.884 	 1916.66 	 153 	 155 	 161 	 4
68 	 607 	 337.48 	 -631.719 	 1936.55 	 149 	 159 	 156 	 4
65 	 610 	 337.596 	 -624.877 	 1890.76 	 152 	 158 	 159 	 4
81 	 619 	 358.857 	 -576.82 	 1874.92 	 152 	 158 	 158 	 4
82 	 620 	 360.928 	 -573.184 	 1871.79 	 155 	 158 	 159 	 4
71 	 611 	 337.445 	 -603.585 	 1874.92 	 152 	 160 	 157 	 4
75 	 611 	 335.758 	 -589.914 	 1865.55 	 154 	 159 	 157 	 4
79 	 612 	 339.553 	 -581.2 	 1871.79 	 153 	 158 	 156 	 4
80 	 618 	 356.778 	 -580.469 	 1878.07 	 151 	 159 	 158 	 4
78 	 607 	 324.026 	 -579.992 	 1859.35 	 166 	 172 	 179 	 4
117 	 630 	 392.239 	 -485.347 	 1893.96 	 170 	 175 	 180 	 4
88 	 625 	 369.958 	 -550.706 	 1850.13 	 159 	 156 	 159 	 4
22 	 580 	 251.527 	 -726.214 	 1853.19 	 149 	 154 	 156 	 4
34 	 591 	 279.7 	 -692.177 	 1847.08 	 149 	 158 	 155 	 4
122 	 641 	 432.968 	 -484.116 	 1943.28 	 155 	 160 	 158 	 4
127 	 653 	 459.869 	 -463.804 	 1916.66 	 168 	 176 	 180 	 4
130 	 651 	 458.321 	 -459.531 	 1933.21 	 153 	 162 	 159 	 4
137 	 369 	 -325.517 	 -447.95 	 1967.19 	 172 	 166 	 166 	 5
177 	 400 	 -243.166 	 -342.241 	 2005.97 	 160 	 154 	 155 	 5
143 	 364 	 -343.176 	 -435.695 	 1988.15 	 178 	 163 	 159 	 5
144 	 373 	 -315.393 	 -429.804 	 1974.12 	 170 	 159 	 159 	 5
151 	 371 	 -324.463 	 -414.463 	 1995.24 	 170 	 159 	 160 	 5
146 	 355 	 -369.375 	 -427.941 	 1991.69 	 209 	 181 	 192 	 5
148 	 354 	 -372.882 	 -423.008 	 1995.24 	 254 	 219 	 228 	 5
140 	 346 	 -395.667 	 -445.793 	 1995.24 	 255 	 250 	 250 	 5
139 	 353 	 -374.395 	 -447.048 	 1988.15 	 243 	 245 	 237 	 5
141 	 352 	 -377.904 	 -442.157 	 1991.69 	 249 	 248 	 233 	 5
142 	 359 	 -354.846 	 -435.44 	 1974.12 	 200 	 205 	 198 	 5
138 	 360 	 -352.028 	 -446.712 	 1974.12 	 179 	 164 	 164 	 5
207 	 427 	 -169.808 	 -262.451 	 2053.81 	 165 	 155 	 159 	 5
216 	 431 	 -156.076 	 -233.071 	 2027.77 	 163 	 155 	 159 	 5
212 	 432 	 -153.459 	 -245.093 	 2031.45 	 169 	 157 	 164 	 5
195 	 407 	 -229.285 	 -298.728 	 2061.38 	 158 	 160 	 162 	 5
200 	 420 	 -188.6 	 -280.401 	 2035.14 	 160 	 155 	 158 	 5
185 	 403 	 -237.987 	 -323.978 	 2035.14 	 163 	 156 	 154 	 5
171 	 398 	 -251.598 	 -363.329 	 2027.77 	 167 	 160 	 168 	 5
184 	 405 	 -231.336 	 -325.699 	 2027.77 	 158 	 154 	 156 	 5
209 	 426 	 -172.108 	 -255.649 	 2046.3 	 163 	 155 	 156 	 5
180 	 403 	 -236.696 	 -336.667 	 2024.1 	 159 	 156 	 154 	 5
164 	 391 	 -271.861 	 -383.591 	 2027.77 	 164 	 156 	 161 	 5
165 	 322 	 -474.166 	 -382.776 	 2038.85 	 242 	 222 	 204 	 5
232 	 447 	 -112.201 	 -190.907 	 2072.83 	 167 	 158 	 160 	 5
234 	 439 	 -136.378 	 -185.677 	 2080.54 	 180 	 175 	 177 	 5
223 	 432 	 -156.296 	 -217.136 	 2069 	 159 	 158 	 160 	 5
225 	 441 	 -129.237 	 -210.451 	 2061.38 	 166 	 157 	 160 	 5
233 	 443 	 -123.579 	 -187.255 	 2065.18 	 166 	 157 	 161 	 5
219 	 440 	 -132.423 	 -228.527 	 2065.18 	 180 	 175 	 177 	 5
227 	 436 	 -144.75 	 -205.702 	 2072.83 	 165 	 155 	 159 	 5
170 	 333 	 -448.689 	 -373.669 	 2069 	 255 	 255 	 255 	 5
166 	 332 	 -450.809 	 -384.772 	 2065.18 	 255 	 255 	 255 	 5
167 	 334 	 -445.736 	 -382.53 	 2069 	 255 	 255 	 255 	 5
171 	 328 	 -460.901 	 -368.672 	 2057.59 	 233 	 212 	 196 	 5
158 	 321 	 -484.131 	 -409.111 	 2069 	 255 	 255 	 255 	 5
162 	 326 	 -468.498 	 -396.564 	 2065.18 	 255 	 255 	 255 	 5
178 	 206 	 -816.236 	 -346.836 	 2050.05 	 255 	 255 	 255 	 6
214 	 212 	 -804.572 	 -243.267 	 2065.18 	 255 	 255 	 255 	 6
228 	 185 	 -876.086 	 -200.149 	 2046.3 	 219 	 222 	 199 	 6
233 	 183 	 -885.165 	 -186.224 	 2053.81 	 255 	 255 	 252 	 6
190 	 190 	 -850.596 	 -307.218 	 2020.45 	 255 	 255 	 255 	 6
191 	 188 	 -854.821 	 -303.785 	 2016.81 	 255 	 255 	 255 	 6
255 	 185 	 -892.401 	 -123.538 	 2084.41 	 176 	 168 	 161 	 6
261 	 187 	 -881.525 	 -105.098 	 2072.83 	 168 	 167 	 159 	 6
242 	 240 	 -735.599 	 -163.744 	 2104 	 255 	 255 	 255 	 6
243 	 241 	 -728.488 	 -159.839 	 2092.2 	 255 	 255 	 255 	 6
240 	 236 	 -743.421 	 -168.799 	 2092.2 	 255 	 255 	 255 	 6
238 	 237 	 -746.012 	 -176.088 	 2107.96 	 255 	 255 	 255 	 6
226 	 233 	 -762.355 	 -213.403 	 2119.94 	 251 	 246 	 234 	 6
239 	 238 	 -741.606 	 -172.754 	 2104 	 255 	 255 	 255 	 6
234 	 179 	 -913.656 	 -186.718 	 2092.2 	 253 	 255 	 229 	 6
244 	 240 	 -730.11 	 -156.56 	 2088.3 	 255 	 255 	 255 	 6
248 	 218 	 -813.914 	 -147.948 	 2136.12 	 255 	 255 	 255 	 6
273 	 198 	 -863.366 	 -70.7704 	 2107.96 	 172 	 178 	 165 	 6
279 	 209 	 -838.159 	 -53.2169 	 2128 	 163 	 160 	 154 	 6
294 	 237 	 -757.423 	 -7.69542 	 2140.21 	 169 	 172 	 172 	 6
247 	 211 	 -843.306 	 -152.452 	 2156.7 	 255 	 255 	 254 	 6
246 	 207 	 -852.336 	 -154.934 	 2148.42 	 255 	 245 	 240 	 6
245 	 213 	 -837.148 	 -158.609 	 2156.7 	 255 	 255 	 255 	 6
257 	 228 	 -794.028 	 -122.136 	 2165.05 	 255 	 255 	 255 	 6
241 	 210 	 -852.958 	 -172.251 	 2173.45 	 255 	 255 	 255 	 6
232 	 195 	 -896.017 	 -199.4 	 2165.05 	 255 	 255 	 255 	 6
230 	 197 	 -889.836 	 -205.581 	 2165.05 	 255 	 255 	 255 	 6
229 	 197 	 -889.836 	 -208.672 	 2165.05 	 255 	 255 	 255 	 6
231 	 196 	 -889.486 	 -201.711 	 2156.7 	 255 	 255 	 255 	 6
302 	 231 	 -784.757 	 16.9399 	 2165.05 	 156 	 161 	 155 	 6
300 	 240 	 -748.258 	 10.6353 	 2140.21 	 167 	 163 	 166 	 6
307 	 237 	 -761.793 	 32.2058 	 2152.56 	 152 	 160 	 152 	 6
291 	 230 	 -787.847 	 -17.0565 	 2165.05 	 162 	 161 	 163 	 6
297 	 231 	 -777.24 	 1.47274 	 2144.31 	 159 	 159 	 154 	 6
256 	 224 	 -814.266 	 -126.449 	 2186.19 	 255 	 255 	 254 	 6
262 	 227 	 -806.478 	 -107.936 	 2190.47 	 255 	 255 	 252 	 6
311 	 241 	 -746.63 	 44.3263 	 2144.31 	 156 	 157 	 152 	 6
321 	 262 	 -691.624 	 75.9546 	 2173.45 	 156 	 153 	 164 	 6
224 	 192 	 -919.518 	 -227.647 	 2199.07 	 255 	 255 	 255 	 6
221 	 230 	 -801.805 	 -237.532 	 2203.4 	 255 	 255 	 244 	 6
342 	 281 	 -641.393 	 143.053 	 2203.4 	 153 	 154 	 153 	 6
331 	 272 	 -673.68 	 109.099 	 2216.49 	 154 	 156 	 157 	 6
337 	 275 	 -662.875 	 127.83 	 2212.11 	 155 	 154 	 152 	 6
334 	 276 	 -661.024 	 118.591 	 2216.49 	 162 	 162 	 167 	 6
354 	 289 	 -661.829 	 194.175 	 2366.45 	 152 	 155 	 152 	 7
365 	 296 	 -645.001 	 233.805 	 2391.73 	 172 	 171 	 169 	 7
380 	 320 	 -559.475 	 283.202 	 2376.49 	 157 	 157 	 151 	 7
375 	 314 	 -582.302 	 267.376 	 2386.63 	 159 	 154 	 154 	 7
373 	 309 	 -593.014 	 257.813 	 2361.45 	 150 	 155 	 153 	 7
359 	 293 	 -646.949 	 210.62 	 2361.45 	 151 	 155 	 150 	 7
371 	 306 	 -604.402 	 251.602 	 2366.45 	 152 	 159 	 154 	 7
363 	 294 	 -647.678 	 225.531 	 2376.49 	 169 	 173 	 172 	 7
401 	 344 	 -480.096 	 355.955 	 2386.63 	 159 	 156 	 157 	 7
398 	 339 	 -500.33 	 347.96 	 2401.99 	 154 	 160 	 152 	 7
410 	 348 	 -473.536 	 392.474 	 2422.79 	 156 	 160 	 157 	 7
395 	 334 	 -524.224 	 342.078 	 2433.32 	 154 	 157 	 155 	 7
408 	 353 	 -444.693 	 375.796 	 2361.45 	 156 	 158 	 157 	 7
436 	 384 	 -347.525 	 480.316 	 2412.35 	 162 	 164 	 166 	 7
422 	 368 	 -407.009 	 436.813 	 2438.62 	 158 	 162 	 163 	 7
425 	 372 	 -390.532 	 444.352 	 2422.79 	 158 	 162 	 164 	 7
393 	 343 	 -498.379 	 338.813 	 2460.06 	 169 	 176 	 178 	 7
444 	 389 	 -333.18 	 512.281 	 2433.32 	 165 	 165 	 164 	 7
443 	 388 	 -335.923 	 507.704 	 2428.04 	 165 	 162 	 163 	 7
430 	 368 	 -411.491 	 469.779 	 2465.48 	 168 	 171 	 168 	 7
457 	 404 	 -281.689 	 558.651 	 2438.62 	 165 	 166 	 166 	 7
447 	 394 	 -321.402 	 531.953 	 2476.39 	 160 	 165 	 165 	 7
439 	 377 	 -384.046 	 507.038 	 2492.94 	 174 	 178 	 178 	 7
461 	 401 	 -297.975 	 584.027 	 2487.4 	 174 	 176 	 176 	 7
451 	 396 	 -319.276 	 554.683 	 2515.35 	 165 	 165 	 164 	 7
454 	 398 	 -311.395 	 564.187 	 2509.71 	 162 	 166 	 166 	 7
442 	 381 	 -370.637 	 518.87 	 2498.5 	 182 	 169 	 169 	 7
469 	 421 	 -227.466 	 613.797 	 2492.94 	 181 	 181 	 187 	 7
478 	 428 	 -203.918 	 650.169 	 2509.71 	 168 	 170 	 173 	 7
471 	 418 	 -238.673 	 622.3 	 2498.5 	 167 	 170 	 168 	 7
472 	 411 	 -265.417 	 630.086 	 2515.35 	 180 	 183 	 184 	 7
470 	 422 	 -226.429 	 624.308 	 2521.01 	 175 	 178 	 183 	 7
465 	 408 	 -278.063 	 609.058 	 2532.42 	 164 	 166 	 167 	 7
485 	 430 	 -198.533 	 681.358 	 2532.42 	 168 	 171 	 172 	 7
475 	 425 	 -216.608 	 645.208 	 2532.42 	 167 	 171 	 174 	 7
479 	 419 	 -240.475 	 665.692 	 2555.54 	 178 	 182 	 186 	 7
446 	 399 	 -314.152 	 546.556 	 2561.39 	 170 	 178 	 181 	 7
491 	 442 	 -156.929 	 711.092 	 2561.39 	 173 	 176 	 180 	 7
399 	 953 	 1879.17 	 411.425 	 2812.38 	 208 	 219 	 212 	 8
420 	 914 	 1740.09 	 500.765 	 2840.94 	 215 	 208 	 202 	 8
415 	 928 	 1796.87 	 480.488 	 2840.94 	 222 	 223 	 220 	 8
406 	 936 	 1788.46 	 434.074 	 2777.49 	 215 	 206 	 213 	 8
422 	 905 	 1699.28 	 507.588 	 2833.74 	 220 	 216 	 220 	 8
411 	 931 	 1809.03 	 464.266 	 2840.94 	 208 	 215 	 206 	 8
434 	 882 	 1631.02 	 564.707 	 2877.45 	 215 	 217 	 217 	 8
426 	 903 	 1704.13 	 527.776 	 2855.43 	 208 	 207 	 199 	 8
427 	 904 	 1708.21 	 531.853 	 2855.43 	 216 	 216 	 214 	 8
413 	 932 	 1738.09 	 452.839 	 2723.43 	 224 	 225 	 222 	 8
439 	 873 	 1606.44 	 589.793 	 2899.82 	 216 	 216 	 218 	 8
458 	 848 	 1476.18 	 656.536 	 2848.16 	 202 	 203 	 197 	 8
462 	 839 	 1481.05 	 692.173 	 2930.18 	 199 	 201 	 193 	 8
457 	 840 	 1425.52 	 644.274 	 2812.38 	 200 	 197 	 200 	 8
469 	 826 	 1449.43 	 732.965 	 2976.94 	 198 	 195 	 188 	 8
465 	 830 	 1454.83 	 710.3 	 2953.37 	 192 	 178 	 183 	 8
478 	 809 	 1384.56 	 775.335 	 2992.86 	 197 	 190 	 185 	 8
484 	 799 	 1356.34 	 809.628 	 3025.21 	 194 	 189 	 183 	 8
470 	 820 	 1439.25 	 745.142 	 3008.95 	 196 	 181 	 194 	 8
468 	 821 	 1435.82 	 732.612 	 2992.86 	 212 	 202 	 209 	 8
474 	 821 	 1439.67 	 760.279 	 3000.88 	 201 	 196 	 193 	 8
504 	 765 	 1199.79 	 888.79 	 3000.88 	 192 	 185 	 184 	 8
491 	 785 	 1299.39 	 842.133 	 3033.41 	 194 	 184 	 182 	 8
485 	 790 	 1346.59 	 831.934 	 3092.07 	 206 	 198 	 205 	 8
516 	 748 	 1167.66 	 974.146 	 3109.25 	 207 	 204 	 203 	 8
525 	 727 	 1083.48 	 1022.61 	 3135.37 	 195 	 186 	 184 	 8
527 	 717 	 1044.58 	 1037.38 	 3153.04 	 198 	 177 	 179 	 8
505 	 757 	 1235.05 	 946.354 	 3179.91 	 194 	 178 	 186 	 8
521 	 727 	 1098.87 	 1018.98 	 3179.91 	 190 	 174 	 186 	 8
543 	 675 	 853.134 	 1106.28 	 3144.18 	 255 	 255 	 255 	 8
542 	 684 	 888.537 	 1095.63 	 3126.62 	 255 	 252 	 243 	 8
544 	 674 	 841.554 	 1101.48 	 3117.91 	 255 	 255 	 255 	 8
539 	 689 	 910.853 	 1082.24 	 3126.62 	 254 	 245 	 240 	 8
541 	 691 	 924.946 	 1097.3 	 3144.18 	 202 	 182 	 170 	 8
529 	 709 	 1025.91 	 1064.37 	 3207.25 	 208 	 197 	 204 	 8
552 	 674 	 851.036 	 1149.9 	 3153.04 	 206 	 198 	 196 	 8
553 	 678 	 873.964 	 1160.94 	 3170.9 	 214 	 209 	 201 	 8
555 	 665 	 808.251 	 1160.13 	 3144.18 	 214 	 192 	 193 	 8
554 	 670 	 828.366 	 1152.41 	 3135.37 	 205 	 199 	 196 	 8
549 	 681 	 897.715 	 1155.93 	 3207.25 	 206 	 196 	 194 	 8
561 	 659 	 792.451 	 1203.97 	 3188.97 	 205 	 203 	 205 	 8
556 	 657 	 765.891 	 1154.89 	 3117.91 	 255 	 255 	 255 	 8
573 	 630 	 645.72 	 1230.55 	 3117.91 	 209 	 209 	 230 	 8
570 	 624 	 617.296 	 1213.82 	 3109.25 	 255 	 255 	 255 	 8
557 	 651 	 758.194 	 1189.15 	 3198.08 	 255 	 255 	 255 	 8
574 	 636 	 687.751 	 1263.15 	 3188.97 	 208 	 212 	 217 	 8
577 	 617 	 591.153 	 1255.35 	 3135.37 	 255 	 255 	 255 	 8
564 	 648 	 757.484 	 1242.41 	 3253.86 	 210 	 203 	 213 	 8
563 	 642 	 723.307 	 1227.06 	 3225.73 	 255 	 255 	 255 	 8
562 	 647 	 750.657 	 1229.54 	 3244.43 	 255 	 252 	 252 	 8
580 	 626 	 651.509 	 1309.11 	 3235.05 	 208 	 216 	 224 	 8
581 	 614 	 589.281 	 1298.72 	 3198.08 	 252 	 246 	 252 	 8
589 	 602 	 548.605 	 1370.48 	 3282.49 	 227 	 215 	 236 	 8
591 	 599 	 531.431 	 1371.81 	 3263.35 	 224 	 216 	 233 	 8
582 	 604 	 556.345 	 1333.77 	 3272.89 	 255 	 255 	 255 	 8
594 	 589 	 486.265 	 1389.83 	 3272.89 	 255 	 255 	 255 	 8
474 	 178 	 -1099.56 	 635.839 	 2509.71 	 150 	 152 	 144 	 9
476 	 189 	 -1053.07 	 638.708 	 2492.94 	 167 	 160 	 162 	 9
481 	 189 	 -1072.17 	 668.41 	 2538.16 	 149 	 154 	 143 	 9
488 	 196 	 -1063.69 	 704.962 	 2579.1 	 152 	 153 	 144 	 9
500 	 207 	 -1044.86 	 765.006 	 2633.71 	 162 	 169 	 158 	 9
493 	 211 	 -1015.49 	 728.405 	 2597.05 	 163 	 161 	 163 	 9
517 	 237 	 -929.888 	 826.973 	 2627.53 	 153 	 154 	 149 	 9
521 	 238 	 -939.368 	 854.004 	 2665.07 	 155 	 160 	 147 	 9
512 	 230 	 -976.779 	 825.663 	 2684.24 	 151 	 155 	 148 	 9
511 	 232 	 -962.194 	 815.961 	 2665.07 	 150 	 153 	 147 	 9
489 	 191 	 -1115.52 	 730.526 	 2658.74 	 159 	 167 	 164 	 9
482 	 182 	 -1144.24 	 700.63 	 2646.17 	 164 	 170 	 166 	 9
519 	 236 	 -938.043 	 838.411 	 2639.93 	 152 	 157 	 148 	 9
538 	 255 	 -876.781 	 920.871 	 2671.43 	 169 	 171 	 168 	 9
525 	 251 	 -902.808 	 881.819 	 2703.69 	 158 	 156 	 154 	 9
530 	 247 	 -927.205 	 909.908 	 2730.07 	 161 	 171 	 161 	 9
551 	 280 	 -804.486 	 999.058 	 2750.19 	 156 	 157 	 149 	 9
547 	 270 	 -841.676 	 980.945 	 2743.45 	 168 	 173 	 160 	 9
548 	 274 	 -823.992 	 982.453 	 2736.74 	 155 	 159 	 150 	 9
533 	 253 	 -906.032 	 923.853 	 2736.74 	 154 	 165 	 153 	 9
543 	 279 	 -810.403 	 970.035 	 2756.97 	 170 	 175 	 172 	 9
562 	 300 	 -727.757 	 1044.81 	 2756.97 	 166 	 163 	 169 	 9
563 	 303 	 -728.511 	 1067.14 	 2805.33 	 175 	 171 	 171 	 9
573 	 314 	 -687.908 	 1112.77 	 2819.47 	 169 	 166 	 168 	 9
582 	 320 	 -670.516 	 1160.69 	 2848.16 	 158 	 159 	 155 	 9
590 	 329 	 -637.167 	 1199.31 	 2862.73 	 162 	 164 	 153 	 9
586 	 322 	 -665.772 	 1182.97 	 2862.73 	 164 	 171 	 157 	 9
564 	 307 	 -732.692 	 1101.52 	 2884.87 	 176 	 175 	 171 	 9
570 	 300 	 -761.518 	 1126.23 	 2884.87 	 169 	 172 	 164 	 9
558 	 283 	 -831.526 	 1076.81 	 2884.87 	 168 	 171 	 168 	 9
595 	 330 	 -644.621 	 1241.98 	 2914.92 	 177 	 177 	 172 	 9
592 	 338 	 -612.929 	 1232.71 	 2922.53 	 164 	 163 	 162 	 9
585 	 331 	 -643.813 	 1206.66 	 2930.18 	 170 	 174 	 174 	 9
474 	 559 	 325.186 	 779.077 	 3075.08 	 232 	 245 	 247 	 10
490 	 535 	 222.897 	 861.14 	 3117.91 	 255 	 255 	 255 	 10
484 	 532 	 206.666 	 822.973 	 3075.08 	 205 	 222 	 241 	 10
477 	 555 	 307.628 	 792.246 	 3075.08 	 247 	 251 	 252 	 10
488 	 548 	 279.202 	 847.517 	 3100.63 	 255 	 255 	 255 	 10
482 	 547 	 271.764 	 811.963 	 3066.65 	 246 	 252 	 253 	 10
494 	 528 	 187.562 	 859.784 	 3049.94 	 255 	 255 	 255 	 10
481 	 556 	 311.163 	 807.586 	 3066.65 	 255 	 255 	 255 	 10
497 	 519 	 148.784 	 875.23 	 3058.27 	 219 	 235 	 251 	 10
505 	 495 	 44.2499 	 915.156 	 3075.08 	 204 	 217 	 232 	 10
515 	 499 	 62.1499 	 964.351 	 3092.07 	 255 	 255 	 255 	 10
513 	 494 	 39.8602 	 950.273 	 3075.08 	 223 	 237 	 248 	 10
502 	 500 	 65.6569 	 894.614 	 3049.94 	 210 	 221 	 237 	 10
500 	 508 	 100.487 	 885.906 	 3049.94 	 208 	 215 	 231 	 10
503 	 498 	 57.105 	 901.424 	 3058.27 	 211 	 218 	 233 	 10
504 	 499 	 61.3031 	 903.321 	 3049.94 	 191 	 206 	 229 	 10
501 	 501 	 69.0696 	 878.294 	 3008.95 	 210 	 222 	 235 	 10
518 	 483 	 -8.33416 	 961.653 	 3041.65 	 194 	 197 	 209 	 10
532 	 463 	 -97.2875 	 1045.16 	 3109.25 	 182 	 185 	 187 	 10
527 	 464 	 -92.3361 	 1017.32 	 3092.07 	 174 	 181 	 181 	 10
529 	 459 	 -114.406 	 1026.15 	 3092.07 	 175 	 170 	 178 	 10
536 	 445 	 -176.688 	 1059.97 	 3100.63 	 182 	 181 	 191 	 10
535 	 464 	 -89.3735 	 1018.85 	 2992.86 	 195 	 199 	 206 	 10
554 	 427 	 -258.506 	 1149.19 	 3126.62 	 179 	 180 	 179 	 10
542 	 446 	 -173.222 	 1092.58 	 3117.91 	 180 	 177 	 177 	 10
553 	 427 	 -258.506 	 1144.73 	 3126.62 	 173 	 174 	 174 	 10
555 	 426 	 -261.509 	 1147.24 	 3109.25 	 185 	 188 	 180 	 10
537 	 443 	 -186.574 	 1070.33 	 3117.91 	 183 	 184 	 193 	 10
552 	 425 	 -269.693 	 1149.9 	 3153.04 	 169 	 173 	 171 	 10
540 	 436 	 -207.334 	 1031.94 	 2969.04 	 184 	 191 	 197 	 10
571 	 400 	 -379.013 	 1225.06 	 3126.62 	 180 	 181 	 180 	 10
567 	 399 	 -387.809 	 1220.85 	 3161.95 	 166 	 170 	 168 	 10
561 	 414 	 -321.011 	 1197.15 	 3170.9 	 174 	 172 	 169 	 10
556 	 417 	 -308.305 	 1177.86 	 3179.91 	 171 	 169 	 169 	 10
557 	 410 	 -339.117 	 1179.05 	 3170.9 	 185 	 182 	 187 	 10
565 	 408 	 -347.186 	 1211.83 	 3161.95 	 176 	 175 	 170 	 10
574 	 382 	 -467.18 	 1259.56 	 3179.91 	 177 	 180 	 183 	 10
549 	 421 	 -267.362 	 1056.08 	 2930.18 	 187 	 186 	 188 	 10
569 	 394 	 -416.256 	 1247.5 	 3207.25 	 169 	 168 	 166 	 10
588 	 368 	 -535.292 	 1334.49 	 3207.25 	 171 	 166 	 163 	 10
578 	 377 	 -492.676 	 1285.02 	 3198.08 	 168 	 166 	 172 	 10
580 	 379 	 -486.324 	 1301.59 	 3216.46 	 167 	 170 	 164 	 10
575 	 388 	 -446.284 	 1282.32 	 3225.73 	 170 	 168 	 166 	 10
581 	 367 	 -542.982 	 1309.95 	 3225.73 	 182 	 185 	 182 	 10
579 	 381 	 -478.517 	 1300.74 	 3225.73 	 169 	 169 	 165 	 10
591 	 359 	 -583.181 	 1363.85 	 3244.43 	 169 	 163 	 160 	 10
594 	 351 	 -618.439 	 1373.77 	 3235.05 	 159 	 159 	 162 	 10
589 	 355 	 -599.967 	 1350.68 	 3235.05 	 184 	 178 	 180 	 10
